256
2
231 3
174 8
2
237 14
160 0
2
183 7
200 20
2
92 10
128 19
2
192 13
144 2
2
87 3
105 0
2
60 1
79 18
2
70 0
58 1
2
80 18
170 17
2
10 13
11 17
2
9 13
247 2
2
9 17
30 14
2
39 11
93 12
2
221 6
96 17
2
26 8
106 16
2
216 8
85 13
2
204 8
109 11
2
123 19
209 20
2
235 8
203 9
2
36 5
100 15
2
53 18
116 3
2
32 0
214 2
2
84 4
34 10
2
36 9
115 14
2
233 13
209 12
2
143 13
71 8
2
158 1
14 8
2
181 5
249 4
2
63 4
199 14
2
105 11
48 15
2
226 12
11 14
2
228 18
217 20
2
243 3
21 0
2
86 12
254 8
2
22 10
170 12
2
114 13
241 14
2
19 5
23 9
2
57 0
101 11
2
210 16
43 14
2
63 14
12 11
2
129 6
253 3
2
167 11
191 17
2
223 2
89 15
2
176 13
38 14
2
51 2
149 15
2
175 13
245 5
2
205 6
221 13
2
213 20
108 12
2
29 15
200 0
2
254 11
224 20
2
159 20
102 19
2
133 14
44 2
2
238 1
219 11
2
20 18
132 6
2
120 2
234 10
2
56 10
152 20
2
142 2
55 10
2
232 2
37 0
2
185 17
7 1
2
162 0
127 6
2
6 1
91 4
2
166 10
242 10
2
185 10
75 1
2
39 14
28 4
2
97 13
116 7
2
208 17
219 19
2
109 7
250 14
2
124 18
90 13
1
148 20
2
189 14
156 1
2
180 9
7 0
2
25 8
125 15
2
187 0
121 16
2
151 6
97 14
2
241 6
217 7
2
162 16
62 1
2
83 1
117 18
2
138 0
130 4
2
225 17
113 17
2
80 6
6 18
2
79 6
8 18
2
118 9
135 0
2
110 18
186 12
2
166 17
76 1
2
173 6
22 4
2
15 13
179 14
2
142 20
33 12
2
123 2
5 3
2
244 15
137 3
2
42 15
169 0
2
198 6
67 13
2
60 4
188 11
2
203 7
3 10
2
12 12
107 3
1
95 9
2
94 9
118 15
2
13 17
155 14
2
73 14
64 13
2
121 16
177 19
2
206 18
188 20
2
19 15
229 4
2
177 15
37 11
2
158 15
50 19
2
197 6
192 12
2
181 20
144 11
2
5 0
29 11
2
14 16
122 17
2
196 3
93 3
2
47 12
159 15
2
66 7
16 11
2
237 12
82 18
2
207 5
129 7
2
197 15
154 10
2
235 2
78 17
2
255 12
35 13
2
23 14
190 1
2
20 3
64 7
2
250 15
76 18
2
81 9
95 15
2
205 20
245 8
2
54 2
164 17
2
98 16
72 16
2
174 12
106 17
2
17 19
87 2
2
67 18
227 3
2
71 15
196 14
2
156 1
139 5
2
161 19
59 6
2
130 15
3 19
2
40 6
111 7
2
77 4
128 15
2
132 18
248 10
2
53 6
131 18
2
51 14
194 2
2
145 19
171 17
2
81 0
208 16
2
152 4
168 20
2
88 3
187 13
2
195 12
77 0
2
226 9
126 5
2
143 4
168 20
2
202 5
186 18
2
86 20
56 2
2
25 13
140 4
2
4 2
104 11
2
134 19
172 10
2
176 17
153 20
2
180 4
246 8
2
163 2
68 20
2
44 15
230 0
2
151 11
194 5
2
150 11
73 6
2
55 20
136 4
2
242 5
146 20
2
251 12
112 10
2
96 14
220 4
2
69 1
126 1
2
189 17
164 12
2
102 15
26 1
2
108 15
50 20
2
1 0
255 7
2
127 19
201 3
2
75 16
59 0
2
148 2
211 4
2
120 17
157 12
2
218 6
224 18
2
83 17
61 10
2
41 11
218 3
2
140 20
136 20
2
89 0
246 16
2
8 17
34 12
2
134 17
212 12
2
145 10
175 13
2
229 18
84 6
2
0 8
122 12
2
172 13
45 13
2
146 17
43 13
2
101 15
98 19
2
199 20
247 1
2
85 14
253 18
2
70 9
147 4
2
104 20
27 5
2
252 2
211 13
2
2 7
204 12
2
233 2
249 15
2
62 10
58 17
2
141 18
82 12
2
137 13
72 0
2
99 20
91 11
2
69 14
157 17
2
115 1
231 13
2
213 4
41 17
2
4 13
103 12
2
206 19
207 19
2
133 2
150 5
2
138 12
248 7
2
125 14
107 3
2
103 6
112 15
2
252 18
90 6
2
28 14
178 20
2
48 0
2 20
2
230 1
161 3
2
223 3
141 5
2
92 7
18 9
2
183 12
16 8
2
119 20
46 6
2
99 18
193 19
2
193 19
111 5
2
135 16
65 17
2
17 20
24 12
2
236 12
38 16
2
163 4
182 13
2
171 12
227 13
2
47 20
191 4
2
240 16
21 2
2
238 8
239 1
2
15 8
228 14
2
31 20
74 7
2
165 6
167 3
2
65 19
52 11
2
222 2
155 4
2
13 6
46 13
2
220 2
232 8
2
202 3
42 2
2
165 18
49 20
2
78 17
239 13
2
30 12
139 9
2
212 13
124 3
2
216 14
31 18
2
100 4
173 18
2
201 1
149 0
2
0 3
190 13
2
57 2
222 8
2
24 13
184 2
2
251 2
54 10
2
113 2
18 8
2
210 12
243 5
2
110 12
1 14
2
215 8
52 1
2
225 13
215 1
2
244 5
214 16
2
74 6
35 14
2
153 5
61 10
2
236 5
32 3
2
240 5
88 15
2
119 8
45 5
2
147 8
169 16
2
178 1
10 2
2
195 7
131 10
2
27 4
184 15
2
66 14
117 15
2
154 12
234 2
2
182 2
198 18
2
40 3
179 18
2
33 8
49 11
2
114 12
160 7
