4096
2
1845 9
2437 2
2
231 0
2568 15
2
579 15
3356 12
2
3471 6
2521 9
2
906 16
1705 1
2
2066 1
204 3
2
2912 5
3469 11
2
2850 14
1857 7
2
580 0
2522 18
2
1151 1
809 7
2
824 0
3379 20
2
1158 10
389 18
2
1590 3
1678 15
2
365 17
740 7
2
1508 15
2164 15
2
3366 11
2315 14
2
2041 14
2144 20
2
1359 14
3308 4
2
3470 9
1265 9
2
3041 13
319 0
2
3409 2
2273 15
2
1849 0
970 12
2
3077 13
3813 0
2
704 1
1293 12
2
354 0
65 19
2
2749 1
1013 12
2
3452 20
1405 13
2
2509 17
1240 16
2
2788 20
1159 10
2
911 3
3377 14
2
573 13
641 1
2
2717 6
1877 15
2
4058 0
418 20
2
2930 16
3836 19
2
3413 5
2435 13
2
2647 20
2859 11
2
2677 17
922 19
2
2438 18
3912 4
2
3689 13
3890 11
2
197 20
939 20
2
1423 14
3132 14
2
1650 17
1335 1
2
2408 8
2266 17
2
92 10
2101 20
2
225 5
2362 9
2
2449 5
714 2
2
1658 6
3615 18
2
3765 18
262 5
2
2584 8
3756 14
2
2096 6
1008 15
2
515 19
3231 7
2
253 9
3469 19
2
775 0
2674 20
2
2575 4
1527 20
2
583 4
1983 10
2
3042 14
3621 18
2
544 2
2224 20
2
4030 14
2657 15
2
418 16
3864 4
2
705 13
699 14
2
3163 12
3657 17
2
2946 9
1302 14
2
923 11
796 11
2
2574 16
2549 5
2
937 19
1069 0
2
24 19
234 11
2
2624 19
939 9
2
824 9
1011 19
2
2649 2
1139 12
2
227 17
1990 2
2
1838 15
2050 18
2
699 17
2219 12
2
2053 14
3320 10
2
2178 19
2465 7
2
3846 3
2227 19
2
3925 6
2710 19
2
1101 18
1543 10
2
3059 7
2991 8
2
1844 10
2771 14
2
1710 11
2201 15
2
3967 3
660 9
2
3569 10
1030 10
2
2121 9
2345 12
2
560 3
2413 8
2
3059 7
1065 4
2
1015 18
3488 12
2
1006 10
403 14
2
1348 1
1396 16
2
919 6
557 5
2
3747 10
547 2
2
1548 9
3677 10
2
861 10
348 0
2
43 10
2088 5
2
1722 16
2297 16
2
1979 15
3931 7
2
4053 8
2923 5
2
1162 3
2591 0
2
3012 7
3114 12
2
101 14
1942 18
2
2056 1
3297 20
2
3617 3
547 9
2
2680 1
98 14
2
2020 12
166 5
2
2137 14
2415 15
2
3436 13
1210 9
2
3191 14
2797 5
2
2207 0
2727 7
2
1060 10
2033 17
2
2985 10
1360 19
2
1009 11
3188 9
2
2229 10
230 0
2
801 2
1962 0
2
3693 14
3319 2
2
276 11
4084 0
2
3819 4
2564 11
2
3930 13
1128 7
2
2598 2
3762 14
2
1605 9
2622 14
2
3260 10
1169 19
2
4061 2
2277 3
2
3196 2
3610 19
2
2893 17
531 2
2
619 15
1814 1
2
2703 5
2114 17
2
841 2
2752 3
2
1413 20
2320 5
2
1798 19
2251 1
2
2218 15
567 8
2
3812 6
3583 9
2
2328 0
399 18
2
2436 20
3464 13
2
2254 17
3030 7
2
4049 3
2612 3
2
187 8
3105 0
2
990 8
2717 0
2
1471 13
1226 12
2
2984 11
2933 18
2
302 20
386 9
2
1479 12
2232 17
2
1239 8
726 13
2
3497 10
1877 18
2
2802 4
381 11
2
1608 16
3364 9
2
410 3
3487 2
2
2807 8
527 18
2
3071 7
736 7
2
2442 7
2293 0
2
2863 20
3883 4
2
1938 8
2400 3
2
817 0
3406 8
2
1346 19
1439 18
2
1417 8
256 10
2
534 20
1762 17
2
854 1
3211 18
2
3058 15
1410 10
2
1887 2
3267 13
2
3711 5
408 16
2
656 15
848 20
2
296 8
636 8
2
199 19
1470 5
2
3394 17
2693 3
2
3851 19
1370 18
2
2051 1
1097 14
2
1956 9
3258 4
2
4024 8
1434 4
2
3616 1
222 12
2
3825 8
102 5
2
1616 3
3567 5
2
2294 20
2631 2
2
2338 0
3441 20
2
2306 6
3578 20
2
3480 14
3761 6
2
3340 15
1420 15
2
2092 13
2215 18
2
901 12
1634 13
2
2538 11
2513 4
2
3309 9
265 14
2
1554 7
1477 20
2
3199 18
1504 4
2
1729 5
1747 13
2
2526 3
3655 10
2
2115 9
3095 9
2
316 17
587 6
2
2680 19
297 12
2
3080 8
459 19
2
3973 14
836 11
2
1310 15
1636 19
2
3201 16
133 8
2
3687 7
2187 13
2
1860 5
2434 13
2
2662 19
2837 13
2
3331 2
1214 16
2
3662 4
224 15
2
3504 14
1848 19
2
1682 7
2842 16
2
2581 7
3781 3
2
2977 2
1653 12
2
39 20
1678 12
2
1631 3
1375 15
2
159 19
643 1
2
2036 15
1349 7
2
1141 18
958 6
2
2788 5
2754 0
2
3574 4
3171 4
2
4029 7
5 3
2
1339 7
2087 9
2
3769 8
715 10
2
3057 19
2953 15
2
1785 19
3045 10
2
3634 15
3216 16
2
2746 7
448 3
2
219 9
3068 14
2
4057 18
2901 14
2
1579 20
3370 2
2
4087 19
2609 20
2
2392 19
1774 13
2
3789 14
1261 13
2
960 2
2009 9
2
829 7
2504 20
2
211 9
2682 19
2
2470 19
1006 10
2
2013 6
925 17
2
165 12
3247 15
2
1095 8
1413 3
2
3348 5
192 15
2
44 5
807 20
2
2713 5
252 15
2
798 11
69 17
2
727 5
255 10
2
525 5
3871 18
2
110 0
3674 12
2
1 0
3160 4
2
510 11
2220 7
2
1200 17
3033 15
2
65 11
1105 20
2
1932 20
330 4
2
4006 12
1880 19
2
2632 3
2289 16
2
3986 15
2730 0
2
2895 11
979 1
2
2896 7
793 7
2
1982 4
908 1
2
356 15
376 13
2
248 7
1884 16
2
3524 13
1227 3
2
3287 4
1277 16
2
478 12
1954 10
2
2610 5
3251 14
2
243 7
3939 14
2
851 16
3631 8
2
470 1
2313 11
2
283 12
3323 19
2
226 15
3739 15
2
3514 16
51 9
2
3116 10
3844 16
2
228 10
3147 6
2
1025 10
151 10
2
1493 6
1353 13
2
616 11
982 7
2
2671 6
871 2
2
1545 12
1250 18
2
1089 8
3593 17
2
47 5
3773 10
2
1745 11
2406 6
2
3824 1
1538 1
2
176 14
3607 5
2
3668 2
1391 15
2
3687 8
2547 13
2
3873 10
413 19
2
2057 10
1469 0
2
1794 7
1312 7
2
1853 2
3922 10
2
2560 16
2614 6
2
370 11
1858 2
2
2935 11
2227 6
2
590 11
3056 3
2
113 11
3901 13
2
2833 18
2882 9
2
361 2
376 12
2
2467 10
2747 6
2
1299 0
3496 7
2
2901 17
2930 18
2
2767 4
3989 5
2
3604 17
251 12
2
1024 9
296 8
2
3526 19
3023 2
2
3157 6
912 3
2
1775 4
2005 13
2
1539 7
1269 0
2
1953 0
1170 6
2
720 3
1387 1
2
2574 10
2815 1
2
2964 14
1282 4
2
1292 2
3671 10
2
1231 4
1724 16
2
1137 19
1222 0
2
158 8
284 8
2
183 12
3902 6
2
3548 20
2670 15
2
3581 12
3000 18
2
2925 17
542 2
2
2813 10
574 14
2
137 20
2193 7
2
724 5
751 1
2
795 4
2343 7
2
2075 15
1718 15
2
3940 5
2871 15
2
983 6
3615 1
2
2085 15
2316 17
2
1213 1
1941 3
2
2208 10
3571 5
2
2692 18
3512 0
2
1056 19
1453 11
2
881 15
744 4
2
3838 7
1185 20
2
3280 19
1389 0
2
2036 10
182 17
2
2399 12
735 7
2
3356 20
3342 10
2
19 0
2104 1
2
3700 15
1330 14
2
2030 1
1892 9
2
2390 17
3715 1
2
2190 14
3186 18
2
3284 18
1297 17
2
2189 6
2173 15
2
2112 6
3002 19
2
564 10
3269 8
2
2411 1
1885 16
2
2591 6
1342 18
2
2826 13
235 4
2
1237 13
1870 14
2
1721 2
2179 14
2
1278 19
1296 2
2
2797 5
3707 19
2
3298 0
808 10
2
1209 20
948 11
2
2801 3
889 1
2
1114 9
3249 4
2
3102 2
2848 13
2
792 17
812 10
2
3822 16
460 3
2
673 18
812 16
2
3004 18
1037 12
2
2879 15
2489 12
2
3857 5
475 9
2
2288 16
2773 0
2
1273 13
1496 4
2
91 0
2357 13
2
3400 8
3783 1
2
3754 16
3816 4
2
2372 12
2365 18
2
1998 11
2440 18
2
3273 16
1807 9
2
3364 5
24 0
2
1732 9
1028 16
2
242 15
4030 17
2
3050 0
3457 14
2
3153 18
2621 16
2
3499 14
1612 3
2
3046 12
586 18
2
278 2
2811 3
2
1652 15
3446 5
2
1966 2
3133 8
2
898 2
3182 14
2
13 17
1121 1
2
2182 17
4012 14
2
2938 1
3386 10
2
3010 17
1970 18
2
2696 10
3520 18
2
273 11
2446 5
2
1489 5
652 16
2
2623 11
496 4
2
2997 2
3249 17
2
1974 0
3551 2
2
1558 12
3550 15
2
278 12
242 13
2
1224 3
963 9
2
3391 19
2645 10
2
1251 19
2242 2
2
1076 4
2702 7
2
3347 0
141 11
2
1975 11
1609 9
2
3738 11
3614 7
2
2810 5
2198 13
2
647 16
2898 10
2
1407 5
137 9
2
3277 18
3960 18
2
2666 16
1073 7
2
11 18
3510 7
2
3946 6
1847 9
2
3468 20
1080 13
2
3775 4
3941 15
2
2265 3
3432 13
2
3129 13
2745 5
2
2831 5
2794 3
2
1428 18
1638 14
2
2485 9
1933 8
2
2096 8
2900 8
2
129 18
844 2
2
1890 17
3702 5
2
3971 2
2323 14
2
1986 9
746 10
2
2366 16
86 14
2
1509 6
1205 10
2
3416 6
880 12
2
1733 2
790 0
2
3689 2
3978 11
2
2545 12
156 16
2
1816 15
2455 1
2
143 3
2551 7
2
3447 12
2104 19
2
1485 6
852 14
2
4056 3
268 19
2
3650 15
2593 13
2
2040 18
3444 3
2
2140 5
571 4
2
898 13
2003 18
2
58 16
32 20
2
3484 10
917 16
2
2626 4
1320 18
2
1971 8
2751 4
2
1604 5
1704 15
2
3315 3
3151 1
2
3793 2
1985 1
2
1654 19
3403 3
2
2425 19
827 3
2
2687 3
3915 12
2
2811 5
2237 19
2
2744 6
1706 6
2
3637 17
2258 20
2
4027 0
3044 1
2
1362 17
443 14
2
3619 4
3064 4
2
666 6
2353 20
2
1356 8
3342 6
2
4027 15
3579 11
2
3144 3
1687 13
2
2256 19
2373 11
2
3248 0
3047 7
2
2795 7
2719 11
2
2296 5
1799 15
2
2976 6
2851 17
2
2030 11
432 14
2
3206 15
652 8
2
3938 0
1642 13
2
2825 8
1108 0
2
868 5
1091 2
2
210 3
2418 20
2
1816 16
3299 13
2
2022 10
2369 1
2
862 7
3773 13
2
710 20
1270 20
2
784 1
2001 3
2
2302 18
1305 6
2
1065 9
2402 9
2
3351 19
483 19
2
3937 2
1470 14
2
543 4
3735 17
2
184 19
803 5
2
787 13
341 3
2
1329 2
3300 14
2
921 18
4082 1
2
1506 4
2720 2
2
3529 18
3125 19
2
3181 14
1230 13
2
3094 11
3303 12
2
535 20
725 17
2
1572 15
2490 19
2
2213 10
1379 14
2
2477 1
250 1
2
3828 14
2430 6
2
1702 9
753 8
2
2255 6
969 4
2
4089 18
2184 0
2
345 9
2695 9
2
592 6
3226 1
2
759 6
3230 2
2
965 9
246 12
2
2817 10
1195 10
2
1036 5
2603 2
2
3685 2
1428 8
2
3307 18
2273 9
2
456 19
1305 8
2
2781 7
2160 13
2
2789 6
3336 14
2
1018 0
754 20
2
3749 4
1085 11
2
1104 14
3142 4
2
3456 17
627 18
2
3291 6
1285 8
2
3878 8
514 10
2
2681 2
3910 2
2
3197 2
1524 11
2
1121 13
2280 16
2
1979 0
610 19
2
3593 0
372 4
2
1377 0
951 13
2
1047 4
1909 13
2
912 10
2375 2
2
3259 17
785 14
2
4061 1
1427 13
2
3096 19
1993 7
2
2090 5
3653 20
2
2429 4
3075 18
2
995 8
725 1
2
3312 3
585 4
2
2888 1
3141 11
2
3505 12
1355 13
2
1840 13
1016 2
2
232 11
1728 18
2
3362 16
1313 15
2
1371 0
1239 10
2
631 12
2549 11
2
491 10
1815 7
2
50 19
3338 1
2
1211 2
2006 0
2
1865 13
915 4
2
1992 8
2125 13
2
3596 18
3492 4
2
2108 6
1946 12
2
3333 6
2031 7
2
4033 5
2301 11
2
3215 14
830 15
2
816 15
3326 6
2
229 5
3877 19
2
858 5
2225 7
2
3678 7
144 18
2
3984 1
1789 2
2
1818 15
2444 4
2
2157 12
1633 0
2
121 2
3880 2
2
2810 15
3803 18
2
3002 15
1570 6
2
3298 13
152 20
2
1248 16
467 20
2
2583 3
3588 11
2
1285 0
1523 5
2
2291 16
1869 8
2
3918 12
2146 1
2
1595 10
1044 16
2
1785 16
829 8
2
300 2
1524 0
2
2969 8
458 4
2
2230 1
56 2
2
1777 6
3475 4
2
1581 5
926 6
2
89 2
100 9
2
2142 20
1040 11
2
1691 2
655 7
2
1111 4
1544 16
2
654 12
1926 20
2
2626 7
1162 10
2
1341 6
3203 1
2
1673 0
4037 10
2
1585 14
1331 20
2
1165 12
3699 9
2
88 5
777 1
2
1489 3
3439 5
2
649 2
721 12
2
83 3
1107 13
2
2792 7
3629 19
2
605 17
1424 12
2
3719 14
1487 6
2
3224 14
327 10
2
2518 3
2757 17
2
925 4
2196 14
2
1764 18
127 8
2
942 3
2764 3
2
2501 1
2844 19
2
987 10
1314 20
2
3053 9
416 4
2
3197 5
702 5
2
1033 8
30 13
2
301 14
1447 4
2
3903 6
3387 14
2
2322 3
3860 16
2
2637 9
2533 20
2
2460 2
3183 9
2
2 15
2891 11
2
8 0
3165 5
2
3178 7
2515 14
2
3051 2
2283 19
2
54 4
1153 19
2
856 19
2348 6
2
1357 7
506 4
2
3929 16
360 18
2
1188 5
182 6
2
3974 13
977 15
2
1403 2
4069 10
2
2102 0
275 11
2
958 8
876 11
2
626 15
476 6
2
2185 12
1081 20
2
660 18
1130 18
2
2806 7
2394 2
2
3422 13
2046 14
2
4003 8
946 13
2
2941 9
1427 17
2
2988 15
3015 8
2
1793 3
2614 5
2
1578 5
2013 11
2
2719 19
3491 14
2
3416 6
952 13
2
2440 16
1865 14
2
1589 4
562 17
2
4015 2
3029 3
2
3120 8
2848 10
2
2132 1
3957 5
2
1822 18
3706 18
2
495 19
4070 1
2
1290 15
3634 12
2
648 7
3930 2
2
1304 9
3473 17
2
1113 2
716 4
2
1907 0
673 14
2
258 11
980 3
2
2187 20
832 15
2
1896 3
1818 9
2
122 15
730 17
2
1757 9
814 7
2
2905 10
2006 17
2
3926 19
2683 12
2
2582 15
3975 9
2
1535 4
904 6
2
1116 18
3713 6
2
4007 12
592 15
2
489 18
2209 2
2
1777 6
1701 13
2
3128 10
1176 2
2
2346 3
1137 9
2
3740 20
513 12
2
3494 0
3603 13
2
1531 5
679 17
2
3500 7
4064 10
2
1138 14
1741 13
2
2950 12
158 8
2
3858 3
3309 19
2
2007 8
2379 6
2
3921 14
3025 12
2
3252 10
2204 20
2
30 1
3945 12
2
2505 8
866 3
2
1512 4
199 1
2
3893 8
3766 14
2
3838 12
1623 17
2
1215 17
2736 12
2
2390 20
385 16
2
612 7
897 14
2
559 2
1074 18
2
1539 20
3608 7
2
2243 8
3761 4
2
371 16
444 8
2
2149 20
976 2
2
551 12
3956 0
2
2182 1
549 7
2
1709 4
157 15
2
3380 17
1022 13
2
3760 19
3784 20
2
706 8
3926 0
2
80 9
594 18
2
1143 11
996 16
2
988 1
2439 2
2
2282 13
1731 13
2
4079 4
1020 0
2
2973 5
3879 18
2
434 6
1585 20
2
3645 6
2740 18
2
2584 16
1576 15
2
3609 18
2308 17
2
3946 14
3245 16
2
1500 13
1357 0
2
1304 17
3079 5
2
615 14
342 18
2
1370 14
2511 8
2
3294 13
3725 3
2
3256 3
926 10
2
1510 11
895 17
2
1578 2
2986 10
2
1883 10
633 17
2
1558 11
1332 18
2
2466 12
730 1
2
872 0
3183 10
2
903 5
2480 0
2
1923 6
1657 15
2
3621 14
3506 17
2
2618 17
3119 10
2
3302 20
2051 15
2
2136 0
2600 10
2
3373 6
3301 2
2
3023 12
807 17
2
3192 6
1026 17
2
3915 0
3752 8
2
3403 11
3053 8
2
1217 10
2768 13
2
2992 10
2279 17
2
2289 12
2830 13
2
2455 8
2064 7
2
945 13
1225 6
2
59 14
71 17
2
1638 0
2658 1
2
2228 7
3289 7
2
572 5
3831 10
2
3659 19
2159 2
2
1018 16
23 1
2
1155 19
59 13
2
659 8
1273 18
2
3753 8
1668 17
2
1244 9
2412 1
2
1354 16
2605 7
2
452 20
2956 3
2
3463 20
3867 18
2
1531 6
2963 14
2
4095 16
2752 12
2
45 2
849 15
2
206 10
815 17
2
614 4
1492 4
2
2344 6
3228 0
2
1902 12
2134 14
2
3365 7
3724 20
2
290 3
2524 9
2
559 12
1772 6
2
2716 20
1820 14
2
2010 15
3099 15
2
915 7
303 5
2
467 17
505 1
2
1043 20
139 13
2
228 5
3009 20
2
1330 3
2210 17
2
3435 15
3518 14
2
619 17
681 1
2
3086 20
1930 13
2
1588 2
2712 12
2
1788 10
1083 11
2
3640 0
2709 18
2
3697 10
317 7
2
3920 13
145 7
2
3944 16
1031 7
2
1079 19
847 9
2
2451 19
4018 9
2
13 7
1518 13
2
2213 4
944 8
2
2658 19
842 11
2
3886 9
3483 18
2
2454 7
313 4
2
1659 7
3118 13
2
3375 13
402 10
2
3841 11
3440 0
2
2934 1
3286 16
2
3740 6
873 17
2
1819 15
2586 5
2
1760 14
303 1
2
3106 9
1157 11
2
472 8
2018 14
2
486 20
3337 14
2
3916 6
2831 18
2
2445 7
1275 11
2
1563 7
1245 18
2
1291 18
2464 2
2
477 6
2531 2
2
2404 13
3678 20
2
3796 18
1307 10
2
3329 13
1968 7
2
3863 20
4079 11
2
771 10
1956 11
2
1411 17
1715 13
2
1755 1
3710 8
2
1779 4
1127 8
2
3703 19
3092 8
2
1409 3
1919 0
2
3993 13
1075 14
2
764 10
2334 8
2
1132 7
1930 6
2
2548 13
823 9
2
3535 3
1051 12
2
1431 18
52 0
2
1047 12
2394 19
2
2603 16
557 1
2
1110 4
2186 11
2
3629 14
1620 18
2
1027 0
1055 16
2
2785 18
1725 18
2
1502 1
2840 13
2
1727 14
3147 4
2
453 1
3586 1
2
3077 10
500 14
2
921 10
3170 8
2
460 13
3073 9
2
2878 2
2190 0
2
2974 1
3193 12
2
3392 13
406 0
2
3269 1
1435 11
2
1063 4
340 17
2
240 7
3653 0
2
4032 5
1763 12
2
3954 19
304 4
2
62 11
943 17
2
3950 7
2446 5
2
227 11
2737 15
2
937 20
896 7
2
1341 15
2640 10
2
1219 10
111 2
2
2666 5
1760 15
2
1433 10
459 5
2
2569 11
3207 17
2
2380 10
3746 11
2
1344 19
1186 14
2
690 17
225 20
2
335 10
3484 16
2
3166 12
9 7
2
1395 6
3929 7
2
3774 11
1381 8
2
340 10
342 16
2
3792 19
1825 15
2
620 7
3150 5
2
715 17
2241 14
2
3947 0
524 15
2
1225 0
149 0
2
1256 7
2508 19
2
2911 0
3353 17
2
2633 17
3745 9
2
1274 16
1532 11
2
2331 7
3776 20
2
773 9
3176 15
2
10 0
67 9
2
2090 8
908 12
2
2907 15
1390 16
2
2675 8
426 3
2
2562 5
2646 6
2
218 7
541 8
2
523 15
3000 15
2
3491 0
1863 8
2
1454 19
617 15
2
3301 17
2922 6
2
2678 12
3172 6
2
2436 15
1007 9
2
185 11
2663 2
2
2341 4
1393 12
2
2818 0
907 12
2
1623 14
1119 5
2
3834 0
2376 20
2
124 2
2065 16
2
742 11
1410 16
2
4038 20
1099 18
2
2080 1
399 2
2
4081 5
2489 6
2
1783 3
3021 8
2
3159 12
738 9
2
157 20
2936 13
2
714 15
3282 14
2
3791 12
3692 12
2
249 16
1913 14
2
1721 5
412 14
2
2747 20
1383 0
2
990 8
153 1
2
2773 7
1561 17
2
584 19
1938 10
2
4044 13
3311 19
2
1661 13
526 5
2
3515 17
2916 19
2
2711 0
3246 8
2
91 10
4028 3
2
451 7
3777 9
2
1600 2
2731 6
2
1989 17
3924 0
2
4010 16
1096 2
2
1017 18
642 3
2
2887 5
2355 14
2
447 5
984 7
2
2423 20
1964 9
2
1131 7
4090 1
2
3990 11
259 2
2
682 0
2692 17
2
749 17
2922 11
2
3549 17
1012 12
2
3412 1
3884 9
2
3177 5
591 11
2
1382 2
1490 17
2
2627 0
1463 2
2
2014 6
2567 9
2
405 12
3170 18
2
2743 13
313 15
2
3372 4
2814 10
2
3024 14
1727 6
2
1081 2
1300 14
2
2016 17
1934 9
2
2544 6
3182 1
2
2272 17
1401 1
2
1937 10
1297 13
2
337 1
1161 7
2
1087 6
924 4
2
933 6
4035 8
2
1867 10
3550 15
2
3647 8
2691 11
2
3715 17
938 1
2
677 17
3998 10
2
1902 17
799 7
2
1277 9
648 14
2
417 13
364 2
2
3688 17
1203 6
2
3924 18
3832 6
2
174 12
3133 8
2
1886 16
2041 12
2
1145 0
683 5
2
624 6
1955 3
2
3266 19
2836 11
2
3589 10
4 16
2
838 12
1088 3
2
241 1
825 12
2
2800 5
2423 2
2
1733 2
1363 5
2
1493 6
29 3
2
286 3
499 10
2
2954 7
1587 1
2
4052 18
2979 6
2
724 7
517 4
2
2049 16
3856 16
2
419 16
4060 2
2
1797 14
2123 19
2
88 6
2588 3
2
3569 2
2247 17
2
462 18
786 10
2
3407 12
36 19
2
62 11
1546 14
2
2860 10
890 4
2
221 17
566 4
2
676 10
546 6
2
3016 11
1061 11
2
2233 4
3966 5
2
1037 5
3428 16
2
2168 7
973 19
2
3807 4
3699 10
2
2395 11
3570 17
2
891 6
1424 4
2
1467 18
4045 13
2
2625 0
2188 0
2
3767 7
1309 0
2
799 20
64 19
2
894 1
3505 12
2
39 20
66 9
2
3619 20
3014 5
2
1069 3
2639 17
2
568 3
994 18
2
796 17
2730 11
2
2616 9
741 8
2
698 13
1658 10
2
597 13
1555 5
2
1000 0
2152 7
2
336 11
3535 7
2
1416 7
1252 8
2
2162 6
1407 10
2
2577 2
497 13
2
1726 11
603 13
2
2648 1
986 4
2
2279 18
1224 12
2
2285 12
1466 13
2
1170 19
4005 5
2
1207 20
3914 13
2
591 8
201 6
2
2722 0
3790 4
2
217 2
4047 8
2
2292 7
3027 4
2
3065 11
2209 1
2
377 9
2113 7
2
2332 20
2378 10
2
2921 5
478 9
2
2676 7
3792 12
2
1462 12
3839 1
2
1555 12
3236 9
2
3587 15
473 4
2
2256 11
21 12
2
2872 8
4063 16
2
1958 3
1324 15
2
930 19
2771 5
2
1572 7
1601 7
2
1521 11
1060 11
2
653 2
1000 10
2
1236 2
588 15
2
3020 8
2309 11
2
1635 5
239 1
2
2086 12
616 3
2
3649 6
993 4
2
258 7
2049 20
2
1264 15
307 6
2
2169 8
868 7
2
3061 16
2868 3
2
3376 18
953 4
2
3042 7
570 10
2
662 1
2940 1
2
2560 0
2280 4
2
134 8
854 8
2
3616 2
3139 13
2
1206 19
1627 13
2
981 4
2347 20
2
3987 9
942 18
2
505 8
1686 0
2
1712 2
661 16
2
2894 11
3742 0
2
3927 16
2071 8
2
3820 10
3868 9
2
947 0
976 10
2
1461 6
1090 13
2
2035 9
2749 2
2
3448 1
2555 9
2
3219 7
1559 8
2
3490 5
2541 7
2
220 10
86 10
2
835 9
1430 0
2
2377 2
49 15
2
1166 20
109 11
2
1892 11
1944 12
2
1478 11
67 19
2
1821 5
874 12
2
3591 6
25 12
2
1404 5
1079 13
2
1351 16
85 18
2
2863 3
509 2
2
3923 11
866 18
2
704 16
486 0
2
3906 13
1180 3
2
664 0
3454 7
2
1256 17
1685 13
2
657 13
2902 18
2
1612 17
3555 11
2
284 9
3537 12
2
4066 7
256 10
2
4055 14
691 17
2
1337 11
780 0
2
355 16
2211 2
2
2512 11
3861 2
2
81 10
3966 19
2
1294 10
737 7
2
2195 9
1912 20
2
3662 1
573 8
2
2388 11
1958 14
2
2620 2
2820 9
2
1672 6
480 5
2
343 12
929 5
2
1999 12
2585 15
2
1547 1
1276 19
2
3006 13
548 11
2
1635 20
2672 12
2
1978 15
1402 0
2
726 20
1767 5
2
1718 14
540 16
2
2852 18
3808 18
2
1178 7
3743 17
2
498 4
776 12
2
2501 16
3837 11
2
2136 19
2389 0
2
2351 13
2034 20
2
774 12
1788 7
2
3299 16
3254 0
2
2405 13
1188 0
2
1105 5
2520 0
2
2970 15
780 16
2
2957 17
312 19
2
1227 12
3318 8
2
1981 16
3843 6
2
1991 3
2897 15
2
975 11
107 10
2
927 11
1922 18
2
3586 14
1575 7
2
1936 6
792 4
2
1323 0
1563 15
2
84 4
455 9
2
1284 18
2838 8
2
2517 6
1457 16
2
3588 10
3126 10
2
64 0
941 3
2
2035 7
3965 17
2
3502 18
1980 17
2
3418 5
1736 15
2
3081 5
388 7
2
649 18
3744 3
2
770 14
2420 0
2
380 4
1696 15
2
3782 8
1920 7
2
2808 9
3898 18
2
738 19
1014 13
2
1903 6
391 13
2
884 2
593 20
2
2319 11
1689 15
2
733 11
3417 7
2
2447 5
2409 15
2
487 11
3135 18
2
2032 3
1114 6
2
3933 7
890 6
2
907 3
2175 17
2
1394 7
261 8
2
1001 13
3176 6
2
3488 13
447 2
2
3162 14
1797 18
2
1802 16
2781 2
2
2695 19
3727 10
2
223 8
1561 17
2
865 2
1909 15
2
162 14
1521 7
2
3327 6
2820 16
2
843 18
3704 10
2
2084 8
3545 15
2
76 18
3868 12
2
2576 1
1250 4
2
1367 3
2033 7
2
488 14
3131 2
2
234 20
1054 5
2
2729 0
3663 7
2
560 13
3768 4
2
1591 15
446 0
2
3348 14
2428 14
2
778 4
3636 11
2
550 4
1676 14
2
3827 3
3214 13
2
614 2
2722 18
2
338 9
1086 6
2
1431 4
2275 15
2
625 18
1992 2
2
3026 7
1583 9
2
2528 17
2823 19
2
3904 8
839 5
2
1292 1
1645 19
2
365 1
494 13
2
2745 10
2532 14
2
3840 6
2069 15
2
1752 16
3805 11
2
2040 10
1672 4
2
2479 8
1562 4
2
2637 2
767 8
2
115 7
1202 10
2
2415 0
1698 10
2
2368 7
594 18
2
1422 3
870 7
2
772 7
2942 18
2
3690 13
2634 5
2
2540 7
1833 4
2
3178 6
3700 3
2
2885 15
2504 18
2
295 19
630 9
2
3679 0
635 14
2
2872 0
68 12
2
2153 6
3039 18
2
201 18
3813 7
2
3735 12
3523 19
2
2977 19
661 11
2
1737 1
4020 0
2
1834 11
903 0
2
1364 15
3114 19
2
2944 11
3443 5
2
3527 19
3517 13
2
2554 12
1280 2
2
3237 12
2320 5
2
9 1
1246 5
2
1648 6
1792 5
2
2246 12
583 19
2
1803 1
2119 18
2
2023 3
705 19
2
1743 3
1481 20
2
2186 16
752 11
2
2503 12
11 10
2
28 10
2189 10
2
1835 10
2240 13
2
1898 6
889 7
2
96 3
552 10
2
2809 11
3341 0
2
3359 13
2444 11
2
556 12
3419 13
2
1009 20
2741 0
2
1915 17
3797 2
2
3351 5
1492 19
2
118 19
1714 12
2
289 6
956 19
2
1440 16
1197 5
2
1580 13
1708 0
2
1873 4
3405 3
2
3195 4
2293 8
2
4004 18
1988 4
2
629 2
2180 14
2
2678 10
1217 12
2
1046 7
3646 8
2
2870 15
3253 18
2
1019 3
3917 3
2
1945 19
2163 6
2
2274 8
2060 15
2
1836 19
2651 5
2
3788 10
3409 4
2
3497 16
314 20
2
806 14
2101 11
2
2400 7
2194 2
2
1053 0
587 5
2
1670 11
1257 10
2
3031 16
2782 16
2
1243 1
3288 18
2
1566 19
2516 15
2
3267 3
3506 1
2
2636 12
2761 12
2
2647 2
479 10
2
1974 12
2969 9
2
1601 16
1171 5
2
3336 0
3333 5
2
3817 16
4004 19
2
1729 16
233 17
2
1868 14
2818 10
2
2619 1
1128 10
2
3811 10
899 6
2
3493 17
2841 16
2
404 10
2068 12
2
992 19
1643 3
2
3374 9
957 20
2
1750 17
2693 18
2
2296 1
336 20
2
104 9
2303 2
2
516 2
1382 9
2
3620 20
3144 7
2
3682 7
309 1
2
3788 17
191 16
2
646 17
3220 12
2
2630 17
2834 3
2
694 10
1177 12
2
3278 16
3754 4
2
801 10
1893 9
2
3967 14
3284 16
2
3902 11
1414 5
2
1694 1
295 0
2
3828 10
2366 14
2
377 3
954 12
2
817 0
698 6
2
135 12
3832 0
2
1057 12
244 3
2
2539 8
2412 4
2
2954 8
2640 15
2
2819 8
465 13
2
294 4
4093 4
2
1384 10
1458 9
2
2706 9
2002 17
2
1907 16
3748 20
2
1456 3
2397 12
2
977 2
2357 4
2
1519 18
331 13
2
1365 9
3561 16
2
139 8
512 10
2
27 16
1364 6
2
2566 1
1454 0
2
3529 13
3729 7
2
2393 20
1191 1
2
708 9
3624 10
2
1925 1
757 18
2
1151 5
2364 17
2
3162 15
4000 16
2
3780 9
535 16
2
2926 2
3227 6
2
1102 4
260 18
2
2235 3
379 19
2
1457 2
949 8
2
1949 5
3618 10
2
1326 3
4070 4
2
3030 18
3152 10
2
818 7
1021 17
2
1189 10
1707 5
2
4041 8
2203 14
2
1987 8
2657 0
2
1677 2
2873 7
2
3654 18
216 13
2
3809 17
3530 1
2
2865 8
1827 14
2
1748 13
983 15
2
2838 2
18 9
2
1466 11
1836 19
2
2533 10
2546 20
2
3064 13
1446 5
2
3963 18
288 0
2
452 20
3622 7
2
3768 0
3068 19
2
2960 3
3311 2
2
706 18
347 13
2
2739 15
821 16
2
756 11
3440 7
2
1039 19
2153 8
2
897 9
245 16
2
3349 13
333 19
2
2164 9
1613 19
2
1284 5
1149 2
2
1385 8
1434 1
2
1782 1
292 4
2
2684 18
3834 14
2
1280 5
1066 18
2
490 8
537 0
2
2103 0
1649 7
2
2202 8
2787 13
2
1398 15
2562 18
2
2502 11
1540 2
2
2150 20
611 15
2
758 18
3098 1
2
1120 1
293 2
2
23 12
2641 17
2
1031 10
1940 0
2
2794 6
2880 0
2
333 2
1924 6
2
888 13
324 17
2
2673 17
3542 0
2
280 0
1320 20
2
3273 13
884 14
2
3709 4
1510 16
2
61 14
3995 7
2
1908 10
1450 13
2
672 17
613 9
2
483 8
454 6
2
2308 12
2023 16
2
761 10
2370 19
2
3681 18
2518 13
2
1550 9
936 0
2
186 15
2217 7
2
2386 12
2958 13
2
3822 9
270 7
2
511 15
1953 15
2
570 20
3622 13
2
1553 2
2716 10
2
2665 6
3495 16
2
2155 8
1319 10
2
1967 5
1560 20
2
3003 0
1317 10
2
420 18
1299 20
2
3005 15
2706 3
2
1694 4
3874 14
2
1967 19
1064 0
2
972 15
2651 18
2
2931 9
2571 17
2
2595 0
1254 3
2
3611 7
1879 16
2
2359 13
2287 2
2
3063 20
461 2
2
320 14
728 3
2
555 20
3515 6
2
680 18
3245 0
2
1516 15
3357 4
2
1984 3
2894 15
2
41 1
1952 20
2
2019 12
3906 20
2
2648 16
1027 11
2
3554 11
2194 4
2
1358 4
205 7
2
2602 0
4042 19
2
553 6
800 15
2
329 18
2886 4
2
1734 8
2903 17
2
806 19
2821 1
2
3913 7
2874 2
2
150 19
2414 2
2
2112 1
1465 3
2
2271 0
87 1
2
1977 10
200 7
2
3031 3
2630 12
2
1015 16
3807 2
2
2615 15
1416 2
2
257 13
2348 19
2
3670 7
709 16
2
508 13
1812 15
2
435 8
2285 10
2
671 0
585 7
2
1339 4
1621 5
2
1395 0
17 14
2
3752 10
108 19
2
3040 3
2682 19
2
432 17
1495 8
2
2829 7
910 5
2
1146 15
1240 6
2
1238 9
2488 18
2
1512 10
2196 3
2
1103 3
2644 2
2
2473 10
3294 2
2
2354 15
1948 9
2
161 18
674 14
2
512 0
3866 1
2
4038 9
3888 15
2
3209 0
1746 2
2
1447 17
4023 17
2
198 15
2565 19
2
1787 8
3104 11
2
497 0
3120 15
2
1613 10
3264 12
2
469 14
3669 15
2
3919 6
3055 16
2
811 8
1604 19
2
1211 9
877 2
2
2267 8
853 0
2
1435 10
1232 10
2
1281 8
1828 9
2
3900 18
3414 5
2
2902 11
290 1
2
1693 18
3074 20
2
315 0
3829 8
2
826 16
3279 9
2
266 15
2710 8
2
2929 13
2027 20
2
837 12
3578 19
2
2570 0
1089 7
2
810 6
1359 0
2
87 16
3649 12
2
3652 10
2962 9
2
3520 18
1288 15
2
2386 14
1569 9
2
3305 13
2916 18
2
3573 0
887 1
2
1042 0
2298 19
2
2481 13
589 2
2
3474 16
1014 5
2
26 13
3062 2
2
3483 10
3887 17
2
386 5
950 10
2
2915 4
2700 16
2
3126 1
769 3
2
842 16
154 10
2
765 17
2981 8
2
1948 12
3174 10
2
223 3
125 20
2
3854 17
1221 5
2
1858 3
3878 5
2
949 7
1352 2
2
151 8
1637 11
2
1515 3
1699 6
2
1861 14
2906 12
2
172 15
2860 15
2
1606 11
3389 3
2
1514 6
1131 3
2
40 14
3630 16
2
933 4
562 12
2
3824 10
3530 2
2
2203 12
3437 5
2
598 17
501 13
2
396 18
481 8
2
3937 18
2295 14
2
3564 10
1007 0
2
1115 4
775 18
2
2302 7
2398 13
2
2288 19
803 10
2
164 4
1281 1
2
791 11
1384 10
2
1666 16
2531 12
2
3101 1
3305 7
2
3478 13
1714 9
2
3551 19
150 18
2
1171 16
2021 20
2
2561 13
2303 10
2
3935 17
2876 16
2
2329 18
2212 10
2
3107 2
3713 9
2
3913 11
3194 19
2
1268 5
2198 20
2
574 4
1374 17
2
3533 8
2780 0
2
3643 11
2183 1
2
1303 13
3148 3
2
3755 11
2927 10
2
3460 13
1620 20
2
312 11
4002 20
2
832 19
1241 0
2
3695 10
1876 8
2
1235 3
3665 7
2
1067 16
1252 2
2
2191 4
1232 9
2
1501 6
2391 15
2
1838 12
1526 18
2
1001 6
2053 3
2
967 12
2889 6
2
878 2
1683 20
2
2537 12
2216 4
2
3458 19
1347 3
2
1266 11
955 13
2
934 18
3097 3
2
3396 15
3544 8
2
2305 18
269 0
2
159 5
457 14
2
1568 14
135 13
2
3955 12
3383 18
2
1789 6
3328 12
2
2966 8
1759 10
2
1795 8
4040 3
2
1702 11
3938 4
2
2154 8
177 20
2
4046 9
1011 11
2
1888 17
138 12
2
3897 18
3806 16
2
2961 0
1156 20
2
2407 4
4075 3
2
4064 10
3335 17
2
1587 1
1743 8
2
412 6
2581 19
2
1776 14
2244 8
2
1681 2
563 6
2
2938 5
2783 16
2
558 3
371 5
2
877 17
1866 4
2
1498 5
2441 6
2
1168 19
716 4
2
911 6
257 6
2
3598 20
2130 16
2
1362 8
3165 8
2
1927 11
347 4
2
1744 6
3787 2
2
4077 13
1491 5
2
3345 18
4026 1
2
671 13
2770 10
2
1459 6
1847 10
2
3265 2
782 1
2
2314 12
4047 1
2
178 4
2689 7
2
3959 19
2853 20
2
463 4
3390 13
2
2270 11
1914 16
2
2732 5
14 15
2
404 6
3028 19
2
1301 16
677 11
2
1529 13
3720 8
2
1366 10
643 4
2
2214 11
2461 18
2
3660 17
1422 6
2
1418 3
2507 13
2
1333 15
1989 8
2
2372 18
3009 16
2
740 13
2470 17
2
2572 4
1237 18
2
4005 17
3733 13
2
975 11
1097 7
2
3372 10
2800 3
2
537 5
1997 4
2
542 0
493 11
2
4032 14
2299 20
2
1460 18
1616 4
2
53 20
3894 17
2
2545 0
1549 10
2
1511 13
1786 18
2
3793 2
2714 9
2
712 6
633 5
2
2497 13
821 11
2
2987 10
2307 12
2
3092 7
3013 18
2
3739 18
624 4
2
2327 12
3592 19
2
2464 10
4024 15
2
264 1
1852 1
2
650 20
288 7
2
1761 18
1289 2
2
1878 19
3624 3
2
3576 1
3825 7
2
76 10
2920 18
2
550 16
3005 13
2
1649 13
260 12
2
3714 19
923 14
2
2488 1
1039 1
2
90 9
2756 8
2
1957 20
1528 10
2
1309 9
3200 12
2
2118 20
2726 0
2
2127 14
4073 4
2
2674 16
1315 2
2
3340 12
177 7
2
946 5
968 12
2
2707 16
3378 15
2
1952 9
1673 1
2
375 12
680 11
2
3073 8
1004 8
2
1318 20
3614 14
2
1095 17
855 17
2
2862 4
1126 4
2
757 7
1064 15
2
2317 14
3214 18
2
1929 13
2347 18
2
3848 11
1192 19
2
2122 2
3085 19
2
2588 5
1471 14
2
2514 16
1399 9
2
533 6
2135 0
2
3602 8
1834 5
2
468 15
974 7
2
3233 4
3559 18
2
3601 18
2753 16
2
2079 3
1062 7
2
668 15
1814 16
2
3281 11
3405 8
2
601 5
678 2
2
2148 5
213 20
2
1172 13
1913 8
2
546 5
2055 17
2
2339 12
2608 2
2
1117 9
3399 16
2
2686 1
2014 10
2
666 20
555 14
2
2099 4
2500 6
2
1484 1
913 1
2
732 2
2156 17
2
2029 1
605 4
2
3253 12
12 3
2
1108 15
2032 5
2
3185 11
3095 8
2
2962 20
3413 8
2
3984 17
3650 7
2
540 10
3703 13
2
1668 5
3102 11
2
1849 2
3623 20
2
1665 11
1671 9
2
4086 4
2144 20
2
3933 18
863 2
2
974 7
1197 16
2
3167 6
3934 14
2
3709 12
4016 0
2
422 5
1381 19
2
117 9
2585 11
2
1884 12
1421 11
2
3778 7
2276 4
2
2259 12
142 16
2
382 9
3441 8
2
2766 1
2011 6
2
2708 18
1720 11
2
359 3
1023 17
2
1279 19
1378 10
2
3718 17
3804 1
2
2038 3
2119 1
2
167 3
1526 4
2
3896 3
2604 20
2
2582 11
2437 9
2
2336 1
3696 4
2
779 18
1452 20
2
2712 18
1358 5
2
3712 3
4042 20
2
645 17
839 14
2
2899 19
2125 16
2
2067 8
3679 17
2
1959 4
1644 16
2
2351 11
992 13
2
1905 18
4065 0
2
2492 19
3511 1
2
3843 17
2669 13
2
198 3
1749 1
2
3481 0
3115 9
2
2102 20
530 0
2
174 13
3103 1
2
1041 20
979 5
2
3985 5
186 19
2
1417 11
1654 5
2
396 14
700 0
2
2830 10
3130 9
2
3656 0
2418 18
2
3968 8
1916 3
2
445 13
3122 17
2
1206 3
3764 6
2
1626 16
3387 5
2
1120 19
2993 6
2
1946 0
1954 4
2
3774 11
3996 5
2
1152 6
1819 6
2
1545 13
1286 7
2
4052 20
41 17
2
3198 10
2408 5
2
362 15
3425 8
2
196 12
2004 14
2
425 19
1637 5
2
3661 4
2318 15
2
4040 3
1837 0
2
684 15
2061 4
2
945 10
46 6
2
1903 13
745 7
2
1999 12
3664 8
2
858 13
3951 1
2
3251 1
2519 8
2
4050 8
2606 2
2
3146 8
2529 0
2
3579 8
1598 11
2
3623 15
1436 16
2
2999 9
2324 0
2
1596 5
707 17
2
2538 19
3994 18
2
3467 5
1189 11
2
1598 9
1756 9
2
1125 4
1036 6
2
554 0
1557 1
2
4031 4
3427 17
2
2989 1
2927 6
2
3521 18
1111 14
2
1260 2
3229 12
2
197 12
12 15
2
2111 20
2335 18
2
3575 20
4068 4
2
1487 2
2655 17
2
194 7
3222 4
2
1463 20
2540 16
2
3462 1
3882 2
2
1021 13
2363 14
2
995 0
3377 13
2
3394 8
437 13
2
3386 8
4034 6
2
1082 15
3889 12
2
3354 15
1901 8
2
2476 7
549 2
2
3027 12
3783 7
2
1388 18
2359 5
2
1222 1
1322 4
2
1995 17
2832 5
2
1076 15
1883 3
2
3796 9
2083 4
2
1129 10
2149 0
2
1418 6
2239 0
2
2060 13
3195 14
2
628 13
2837 13
2
472 9
1476 11
2
1766 3
1934 12
2
422 15
2778 9
2
4 1
2825 12
2
429 6
3052 14
2
1257 5
2443 5
2
1828 18
1172 0
2
2645 15
656 4
2
79 11
3885 13
2
4091 3
3943 2
2
996 2
2867 2
2
2744 4
3981 19
2
1438 9
1169 12
2
765 13
3037 5
2
3332 2
3047 7
2
3283 18
3464 4
2
1044 14
305 15
2
1968 13
2258 12
2
3701 10
1611 11
2
852 5
332 2
2
3888 9
93 16
2
3665 14
2034 20
2
2076 5
294 16
2
2385 6
781 18
2
952 11
3361 7
2
783 14
883 6
2
3451 9
510 18
2
1200 16
179 5
2
2349 7
3451 6
2
663 13
2699 12
2
355 9
3225 7
2
406 2
910 2
2
3026 7
1343 8
2
2163 15
2590 5
2
3571 20
1072 15
2
1144 1
3233 17
2
2074 3
2536 12
2
3240 5
1898 9
2
2563 4
3263 10
2
2140 15
635 13
2
3246 9
2945 15
2
1156 3
1484 8
2
1497 6
3159 17
2
3802 8
263 11
2
2106 7
1373 2
2
3895 8
179 13
2
1264 13
2675 19
2
2615 4
1631 1
2
1208 17
3335 9
2
3087 14
2426 14
2
3108 4
1124 16
2
2853 17
3184 16
2
2498 15
2521 5
2
766 1
4017 17
2
3798 18
1671 9
2
620 9
2590 7
2
2807 13
2904 15
2
2081 5
1474 10
2
802 15
751 14
2
1540 18
3374 16
2
152 17
2498 20
2
3633 5
794 12
2
3421 10
567 18
2
2661 15
3466 11
2
1703 3
3127 5
2
2994 9
1043 5
2
2828 13
2062 9
2
3973 15
3876 14
2
2442 7
3765 12
2
2161 11
3942 16
2
721 6
1813 5
2
3982 12
2567 7
2
2459 8
215 13
2
287 4
3748 18
2
2353 4
1486 14
2
545 6
628 6
2
3751 4
2939 15
2
767 4
2115 5
2
3806 18
2577 20
2
2377 1
3909 16
2
1282 1
4074 10
2
846 3
3574 15
2
2885 14
1859 10
2
208 19
541 16
2
1529 18
2672 14
2
1376 8
3746 17
2
1051 7
733 10
2
1473 6
528 2
2
2924 14
3485 0
2
4054 12
2167 1
2
2690 19
1152 5
2
2467 16
600 3
2
270 7
2361 17
2
1475 8
2854 2
2
3641 13
2276 3
2
1092 18
918 14
2
126 19
3708 18
2
2785 13
441 15
2
2242 8
1891 19
2
3797 9
2245 4
2
3992 13
1093 16
2
3564 10
1154 1
2
2343 15
3603 6
2
2834 0
2655 6
2
2557 1
3006 5
2
3082 5
353 9
2
2226 0
2229 11
2
4072 5
3039 17
2
3660 2
3007 10
2
2406 10
3991 13
2
1970 7
1355 15
2
1772 5
2552 8
2
1576 16
122 1
2
514 7
3011 10
2
449 16
409 15
2
3720 11
1871 10
2
618 9
529 15
2
1648 6
750 15
2
722 14
2028 14
2
1012 5
3191 0
2
609 18
2082 9
2
4041 16
3076 14
2
3516 5
3531 3
2
813 15
1932 16
2
3877 14
3390 20
2
1263 14
2670 10
2
1708 18
1385 9
2
3538 20
2479 10
2
2662 11
2004 10
2
2204 3
3116 16
2
2311 7
3145 20
2
3280 1
1134 4
2
1145 11
1571 5
2
1160 10
1969 7
2
1183 19
1266 19
2
3695 3
1656 0
2
1460 12
70 15
2
2653 20
2667 10
2
4033 18
509 13
2
3785 1
3905 7
2
1874 7
2635 11
2
2374 12
3704 3
2
78 10
3995 3
2
0 9
2822 16
2
3198 2
2535 10
2
390 9
1501 10
2
193 19
3731 12
2
1597 2
21 0
2
2687 20
1899 19
2
3795 8
2066 5
2
1538 1
2342 13
2
3221 20
271 2
2
2311 16
3626 2
2
3892 14
3493 8
2
2065 6
3970 17
2
3223 19
7 7
2
273 2
1415 3
2
1784 10
2161 15
2
2595 19
189 5
2
3948 14
1419 14
2
2495 6
3734 16
2
2782 11
831 8
2
1964 15
2338 2
2
604 14
517 13
2
3798 7
1490 4
2
892 10
2358 1
2
1201 14
4031 9
2
538 8
2126 13
2
1965 13
331 14
2
1817 10
2165 10
2
3155 2
2241 1
2
1173 4
3911 1
2
1842 7
2044 20
2
3271 0
3110 13
2
1455 8
2526 5
2
140 18
31 15
2
1541 19
3071 1
2
1327 16
2318 6
2
236 19
3980 3
2
2889 2
1983 16
2
3701 13
2012 16
2
1696 3
679 10
2
243 16
1606 12
2
328 16
1971 19
2
902 16
3417 12
2
2123 0
155 2
2
2160 14
1479 17
2
2045 6
2528 6
2
400 17
3508 17
2
1800 19
3306 19
2
1010 11
321 9
2
1219 9
3355 20
2
2399 20
4037 4
2
3211 8
2933 3
2
618 3
2393 6
2
3317 1
3565 16
2
1739 9
1161 6
2
1850 19
2331 3
2
2095 11
2210 12
2
1690 8
2821 19
2
896 17
718 12
2
1080 6
1659 13
2
3799 20
3060 19
2
1628 18
3190 16
2
2762 19
2887 17
2
1234 16
615 0
2
1986 19
1303 10
2
498 13
1096 15
2
3555 18
2547 11
2
3922 19
4055 17
2
3262 19
1032 20
2
851 14
1580 8
2
1507 16
3291 7
2
3459 11
1167 17
2
1641 3
3975 2
2
2428 14
2384 12
2
2307 16
2836 4
2
2622 12
769 0
2
2045 17
1077 7
2
3329 6
3598 16
2
1061 18
2463 15
2
684 6
3089 7
2
3223 20
1296 6
2
1245 1
2008 10
2
551 20
2082 6
2
2758 17
1496 11
2
2416 4
3109 11
2
2253 4
1565 13
2
772 6
731 13
2
2656 18
3393 17
2
1825 16
235 20
2
2385 3
397 8
2
1703 12
885 9
2
3060 2
3107 10
2
3808 17
1063 6
2
3384 3
888 10
2
856 10
148 8
2
3368 19
3901 2
2
3161 5
1294 0
2
3997 13
309 3
2
2202 0
98 18
2
3731 8
3705 5
2
3787 0
1010 12
2
2572 1
1181 19
2
1646 0
520 12
2
3032 11
2881 14
2
1412 12
1369 9
2
3501 18
1253 5
2
3617 18
3668 6
2
2200 11
2128 20
2
1335 20
1557 9
2
289 0
1313 15
2
1646 4
246 10
2
904 3
2110 15
2
163 9
764 11
2
2039 3
1549 20
2
1034 14
972 3
2
1626 4
3577 7
2
2855 4
2413 5
2
3949 9
3339 5
2
2698 7
111 0
2
3489 0
3886 1
2
869 9
1864 15
2
1998 15
1870 13
2
363 2
2578 1
2
1323 19
1318 5
2
762 7
1719 13
2
3766 12
1835 7
2
1812 7
368 18
2
421 8
1885 19
2
2688 3
2337 20
2
3445 17
3870 1
2
1196 12
374 0
2
382 11
2134 7
2
3261 10
2541 2
2
2509 15
1349 10
2
1042 15
3908 7
2
495 0
94 15
2
2760 17
1071 17
2
1058 16
4013 0
2
3192 10
241 4
2
1881 16
54 10
2
1334 3
3531 2
2
424 1
3103 11
2
402 9
1908 19
2
1259 8
2219 6
2
1175 4
3633 17
2
864 17
1516 8
2
3737 2
69 2
2
3920 2
1059 3
2
1116 2
518 8
2
502 7
2270 5
2
3110 2
3961 3
2
3745 3
1695 17
2
2138 1
3673 7
2
2733 17
1523 4
2
352 11
1965 15
2
1038 12
1660 12
2
2507 0
2835 6
2
3776 14
453 3
2
3847 12
1233 17
2
417 18
4091 15
2
1653 14
1830 10
2
287 13
2070 8
2
621 17
516 0
2
4029 4
638 8
2
2589 14
1925 10
2
3891 19
217 9
2
3300 5
723 15
2
2715 0
1610 6
2
1882 16
2332 7
2
221 6
601 11
2
879 6
1584 10
2
2468 7
4072 0
2
885 17
2269 17
2
3398 13
2721 12
2
2267 17
753 14
2
3312 0
1336 12
2
102 12
2608 16
2
3583 5
1440 20
2
3070 18
450 10
2
1306 16
1155 3
2
3818 13
2098 12
2
2913 9
3612 11
2
3859 18
3800 12
2
2397 13
1392 20
2
1820 14
2609 7
2
1589 1
2900 7
2
321 1
443 11
2
3179 13
521 7
2
1086 3
1591 5
2
107 17
1103 7
2
1723 20
1050 20
2
1070 7
1002 9
2
316 10
200 15
2
2047 3
3302 0
2
1615 3
3675 4
2
2711 18
1957 3
2
1125 10
415 18
2
902 12
16 14
2
4002 5
4069 15
2
2937 2
3369 8
2
3750 4
1874 20
2
1920 17
1889 6
2
2686 10
596 14
2
2536 15
2037 3
2
3237 10
4084 16
2
982 20
916 16
2
70 18
3480 15
2
687 15
162 1
2
2059 5
4088 12
2
72 14
1461 3
2
3429 18
3448 12
2
1581 17
2942 15
2
99 1
3576 5
2
3509 15
269 10
2
3142 15
3613 16
2
2819 8
2052 5
2
1700 13
1182 15
2
1657 4
3056 15
2
3423 4
1768 9
2
3780 4
2519 16
2
2493 11
697 7
2
1856 6
841 16
2
5 1
1851 5
2
1625 8
3366 5
2
1205 12
3289 12
2
1123 15
3563 4
2
4094 8
2005 8
2
998 8
2864 18
2
2957 10
3458 20
2
3801 13
3872 3
2
1738 3
3827 19
2
305 15
3845 11
2
1724 5
2633 3
2
3974 1
2475 3
2
3434 7
3204 14
2
1575 3
2283 18
2
2482 14
844 1
2
1759 5
3104 4
2
1822 9
1926 6
2
3507 19
1697 4
2
1100 8
2817 15
2
308 15
2230 5
2
980 12
4051 12
2
205 9
2362 4
2
92 5
3003 11
2
2624 0
3862 15
2
825 8
503 5
2
3430 11
3795 17
2
2892 4
173 13
2
3270 17
2138 2
2
3325 7
3557 3
2
1900 11
3895 10
2
49 6
398 8
2
3173 1
3070 17
2
2024 12
2439 17
2
2197 10
1586 4
2
2330 16
3117 2
2
43 20
1186 11
2
590 0
1633 20
2
2172 10
1286 0
2
411 19
319 1
2
3308 12
3295 7
2
1746 7
2383 16
2
4059 0
4090 5
2
520 6
3865 11
2
2335 12
3161 8
2
1955 15
3138 14
2
1679 20
3644 15
2
1347 1
326 6
2
963 7
3955 5
2
123 17
3552 7
2
181 9
1779 5
2
2409 9
3747 3
2
3879 20
3189 10
2
1551 20
2970 16
2
1154 18
1615 1
2
2691 9
2654 7
2
3271 5
82 9
2
3875 8
1567 2
2
918 19
1887 0
2
3326 16
2342 5
2
1624 16
518 13
2
1869 13
4087 18
2
1552 14
2796 17
2
1951 20
3169 17
2
2862 14
3465 7
2
2222 18
1494 16
2
4011 16
3255 5
2
608 1
2780 16
2
2701 14
2943 18
2
1975 7
718 14
2
1570 0
2882 12
2
1049 19
688 0
2
103 14
2605 0
2
2093 2
1996 1
2
3486 1
2952 7
2
1741 15
416 5
2
2379 2
3611 13
2
3809 10
548 20
2
2607 12
2495 7
2
1599 20
16 20
2
2340 2
2923 17
2
3475 0
539 1
2
3872 3
3652 19
2
2995 11
1579 5
2
1698 0
653 20
2
3596 7
1290 20
2
3638 12
3355 15
2
947 7
4043 19
2
1140 6
1276 8
2
3496 9
1477 8
2
1317 8
3278 6
2
1588 17
2947 14
2
530 12
2474 2
2
3065 18
2555 16
2
3729 3
703 2
2
484 13
1888 14
2
1859 15
1771 11
2
3777 3
950 6
2
1181 6
1735 15
2
14 15
1279 9
2
3721 11
1871 10
2
3243 9
3891 11
2
2806 15
1791 1
2
930 7
3034 10
2
2876 2
984 8
2
3062 20
3033 7
2
3099 9
2776 10
2
2613 4
2103 10
2
3503 12
325 15
2
3672 0
3163 11
2
1088 17
3762 1
2
2635 3
2199 17
2
3048 1
2417 1
2
2329 13
73 19
2
332 14
2709 3
2
1176 14
2548 20
2
2998 10
3672 5
2
366 17
655 1
2
1449 1
3177 4
2
474 0
2742 9
2
2763 19
593 12
2
778 11
1157 16
2
188 13
617 20
2
3018 0
935 0
2
325 6
1159 10
2
323 14
788 0
2
1458 4
3639 1
2
2278 11
2739 19
2
2843 8
302 7
2
1187 2
1338 4
2
3627 0
1032 9
2
1366 3
566 14
2
2099 10
3786 11
2
1446 20
384 13
2
2176 17
3558 2
2
1951 11
3367 18
2
2346 4
79 15
2
1287 8
1942 0
2
1258 14
1426 12
2
1831 3
640 20
2
3203 9
3369 17
2
2623 16
3314 1
2
106 0
3577 3
2
3511 3
310 10
2
627 2
962 1
2
728 17
1900 12
2
1028 2
3019 11
2
2216 19
1443 10
2
741 4
469 10
2
1513 11
3146 12
2
173 18
3963 6
2
2212 19
1464 4
2
1310 7
3503 2
2
3100 18
127 15
2
71 12
1987 6
2
3710 9
232 7
2
2855 18
3870 6
2
4009 12
2130 18
2
2450 0
2443 20
2
3584 10
56 20
2
3209 3
526 7
2
1808 0
2866 11
2
274 6
74 19
2
2629 12
701 7
2
1808 11
110 10
2
544 1
2085 5
2
3368 11
3007 7
2
3778 9
138 17
2
3035 9
928 4
2
2260 13
3717 8
2
2268 5
1251 3
2
3481 0
3993 3
2
3741 10
428 19
2
3066 0
3398 8
2
1699 0
4043 6
2
3536 19
1160 13
2
1872 1
815 14
2
379 2
1800 8
2
651 8
3061 15
2
1486 8
2453 3
2
1801 4
3109 16
2
3108 10
1153 12
2
920 17
3686 9
2
2456 9
2703 18
2
3190 1
2481 1
2
2543 20
2858 9
2
2978 0
126 1
2
3896 8
2396 19
2
2849 3
1929 4
2
131 17
3129 1
2
3074 11
473 6
2
438 19
970 11
2
4003 1
2556 14
2
1719 12
430 20
2
3227 3
1608 12
2
2234 13
2854 15
2
3411 10
3075 19
2
2349 9
3450 13
2
3897 16
3385 17
2
3397 6
3239 17
2
2374 18
393 3
2
3022 5
42 17
2
1383 8
2018 17
2
3259 8
2235 5
2
2016 17
4080 10
2
1993 5
1507 11
2
4053 11
1348 0
2
3998 3
887 17
2
20 15
482 9
2
3174 20
1182 8
2
1115 15
2642 16
2
1607 4
1796 3
2
119 3
3730 13
2
2192 11
2951 7
2
954 18
695 17
2
989 4
494 16
2
2700 13
3350 9
2
663 13
3276 20
2
582 19
2079 18
2
4065 18
3117 9
2
1356 10
955 12
2
4066 10
3119 1
2
2948 9
1328 2
2
346 16
1433 19
2
237 16
696 12
2
2746 7
2760 1
2
538 16
3443 4
2
3688 19
961 7
2
146 0
1174 8
2
3628 19
168 20
2
1429 14
2503 5
2
441 5
1209 1
2
93 16
2812 0
2
3268 20
1402 19
2
1525 20
2477 13
2
4034 8
3024 16
2
3196 18
522 11
2
454 18
1432 7
2
1441 10
1210 2
2
2964 9
2932 0
2
3494 7
1469 18
2
170 6
3728 15
2
1533 12
1918 16
2
669 17
1306 12
2
978 11
3460 9
2
3187 20
3091 19
2
1854 16
1832 7
2
3392 6
2852 9
2
250 11
3123 12
2
1503 12
3166 15
2
15 14
2723 11
2
2469 10
308 17
2
1564 14
2664 7
2
1879 6
1655 15
2
1082 11
4078 0
2
125 5
1150 5
2
2698 0
3591 7
2
576 3
2487 14
2
3477 20
401 14
2
1667 0
2907 7
2
3436 7
3523 9
2
3229 14
4039 18
2
4092 16
1536 12
2
129 0
3632 5
2
2178 13
1443 18
2
3072 3
2100 16
2
822 7
1899 3
2
2012 7
964 20
2
3543 5
3645 3
2
771 8
2496 15
2
2109 12
1679 18
2
1619 1
2893 5
2
1972 20
2870 13
2
169 0
1864 2
2
1582 12
3801 8
2
2145 2
3501 11
2
3456 1
837 4
2
1852 13
2124 5
2
1804 15
304 7
2
717 6
3635 4
2
82 12
2960 12
2
630 3
2201 4
2
1565 18
993 20
2
584 6
1353 19
2
1730 7
2262 9
2
3353 3
3381 0
2
1050 13
1627 11
2
3667 0
3957 7
2
434 20
1776 4
2
3016 13
1369 15
2
4060 2
867 14
2
2480 19
3841 6
2
348 13
1236 4
2
3546 16
1867 1
2
1328 13
1693 5
2
3818 7
3149 5
2
3608 1
1794 17
2
2087 4
44 9
2
1685 14
4056 14
2
1246 17
2611 14
2
2839 20
351 18
2
403 16
1223 14
2
3654 4
3835 1
2
3541 6
1130 7
2
450 1
3365 3
2
3049 19
1307 19
2
3694 10
3148 16
2
351 12
1517 18
2
438 11
3155 8
2
2265 18
1843 12
2
499 2
4019 5
2
3029 5
840 20
2
1781 1
1008 2
2
964 10
3378 20
2
2141 2
638 6
2
3539 16
805 10
2
2565 19
3121 15
2
3083 16
2516 10
2
2106 16
2483 1
2
1917 12
3526 14
2
1725 6
1933 3
2
1311 12
1399 14
2
2766 16
3421 8
2
1034 11
2920 7
2
1049 0
3977 16
2
647 20
322 17
2
1459 15
3722 17
2
215 19
3265 15
2
1896 6
1243 20
2
595 2
776 19
2
2737 17
932 11
2
3256 3
2252 19
2
1235 12
2027 13
2
2861 20
1432 13
2
1894 20
317 12
2
1187 7
148 3
2
2593 19
2896 5
2
2890 18
455 9
2
3352 18
3401 12
2
760 13
3836 3
2
1053 13
3950 6
2
1811 10
263 6
2
3091 7
1482 4
2
42 8
1651 5
2
1084 15
2116 9
2
2935 8
3352 4
2
328 1
4048 3
2
1228 4
708 1
2
83 8
1960 5
2
2500 4
1346 2
2
1129 0
103 15
2
3218 13
1928 4
2
2857 16
2177 1
2
1640 18
448 20
2
4049 10
4088 14
2
1075 0
2899 2
1
3290 12
2
3327 16
3088 7
2
869 20
909 2
2
3318 14
3683 13
2
3232 3
426 19
2
3049 13
1751 14
2
2462 19
3513 5
2
1109 14
1917 14
2
2827 4
504 4
2
2934 17
471 6
2
3415 0
3292 11
2
3861 5
2909 3
2
2748 3
3584 20
2
3585 3
189 13
2
34 13
2911 15
2
835 15
130 20
2
0 2
1618 9
2
37 18
4076 6
2
662 2
2098 17
2
352 18
604 16
2
3782 11
1491 6
2
146 7
1770 7
2
2223 20
1707 5
2
529 4
1164 11
2
2643 8
756 7
2
370 5
797 5
2
1084 5
2491 14
2
3014 3
3605 11
2
45 5
3850 2
2
2641 3
2223 0
2
739 19
3914 18
2
3199 8
3404 16
2
4026 11
2244 3
2
744 7
3759 1
2
697 8
409 1
2
2248 9
3396 1
2
2919 7
3395 5
2
3839 4
3185 12
2
2908 9
1774 8
2
3744 8
578 2
2
1513 18
3357 10
2
2427 19
3231 18
2
1922 15
3559 18
2
1537 10
758 2
2
2945 12
73 7
2
3869 15
681 12
2
1793 16
279 10
2
3160 11
2015 7
2
2316 10
3112 20
2
1518 17
220 19
2
2705 13
3522 5
2
3867 18
3916 14
2
2688 1
1368 10
2
3193 18
2157 2
2
2671 9
2077 3
2
1691 7
3990 16
2
470 1
2299 13
2
3210 6
2554 9
2
1829 10
1126 8
2
683 0
2356 19
2
2249 1
1403 13
2
2080 14
3609 7
2
2997 15
2383 1
2
3964 7
3204 11
2
397 9
2877 17
2
3054 4
3661 7
2
2322 14
3455 7
2
1547 1
1365 18
2
845 6
344 12
2
468 19
3947 13
2
4080 6
2447 14
2
2725 15
1629 19
2
2064 11
3420 4
2
4035 10
2669 10
2
2143 7
1862 6
2
2334 15
3707 3
2
1532 13
2903 18
2
1754 15
1762 20
2
2803 1
3943 1
2
2414 4
1586 6
2
1048 16
569 1
2
1289 11
3730 3
2
1158 12
2295 5
2
218 20
1136 18
2
642 8
3437 13
2
3168 6
3958 0
2
2000 0
1515 13
2
818 19
2793 20
2
27 17
1977 15
2
3128 3
3438 0
2
674 8
3976 0
2
3205 19
1029 11
2
175 4
2723 12
2
1569 16
3257 9
2
581 14
3331 7
2
2382 10
1192 15
2
3980 7
1067 6
2
1308 13
565 3
2
2063 16
1662 8
2
3820 10
1054 0
2
1754 5
3 9
2
8 18
2736 12
2
2539 10
3082 2
2
720 9
2795 10
2
3143 4
2928 7
2
1876 5
180 3
2
2983 10
2826 10
2
1118 17
1889 6
2
1664 0
3138 3
2
3238 11
3341 10
2
1436 12
759 2
2
3429 20
1122 14
2
1267 10
577 20
2
2592 0
3562 2
2
1846 10
3244 6
2
2047 15
1738 12
2
3495 8
1464 12
2
175 11
1669 19
2
2523 10
1228 8
2
1683 16
1134 7
2
1005 7
1976 2
2
3814 19
3759 0
2
3682 4
2250 20
2
2857 15
886 6
2
1528 0
408 12
2
1267 20
2644 11
2
1910 11
267 13
2
2180 20
773 13
2
513 11
63 5
2
2884 12
2770 10
2
410 7
3770 20
2
3044 15
1813 8
2
3802 3
4016 7
2
2478 9
1149 12
2
1003 9
2158 16
2
4054 15
2257 14
2
1806 1
3572 6
2
3384 14
4025 13
2
3111 13
3604 3
2
272 16
989 0
2
2867 8
1441 13
2
828 5
1288 18
2
1740 4
2681 20
2
2631 12
114 11
2
1375 19
2381 19
2
2625 0
1241 1
2
1773 7
879 9
2
3570 7
1 15
2
2874 6
804 11
2
1394 0
3055 6
2
1325 17
3411 4
2
1519 4
1945 1
2
3666 7
2989 4
2
291 10
63 16
2
53 4
3949 4
2
2638 12
1102 1
2
1780 20
951 2
2
1966 1
3706 3
2
2949 6
3958 4
2
3738 14
3459 5
2
195 7
1485 19
2
1618 11
623 15
2
536 3
3799 15
2
48 8
668 16
2
1038 15
1605 11
2
3982 8
750 5
2
3408 0
2805 0
2
919 3
1568 5
2
2008 14
3830 4
2
1735 5
1757 7
2
96 0
329 6
2
3961 14
2534 0
2
2401 19
414 13
2
2727 3
3276 9
2
1326 0
1860 19
2
3232 13
3674 1
2
3041 8
3848 19
2
2627 0
116 2
2
3981 7
4046 15
2
3250 11
688 10
2
3626 0
3625 0
2
3467 20
1340 0
2
777 16
480 2
2
3463 15
1617 20
2
2137 0
709 7
2
3685 4
1663 2
2
2143 12
3090 17
2
1582 2
2020 16
2
214 20
2028 7
2
2908 15
247 5
2
3476 10
2364 14
2
4048 0
132 3
2
2172 4
3015 7
2
272 6
600 5
2
1749 4
1352 15
2
944 9
3482 17
2
2892 7
3307 1
2
686 17
3106 12
2
2758 11
1202 1
2
1035 2
3573 5
2
358 16
3399 1
2
1919 12
117 14
2
2206 16
372 11
2
2089 0
66 19
2
935 0
2566 0
2
420 4
552 7
2
2598 0
878 0
2
3084 7
3546 4
2
2228 12
3500 11
2
1216 17
1350 12
2
2564 12
168 2
2
3010 16
237 3
2
820 17
2076 3
2
1133 5
3219 11
2
2176 3
1842 11
2
1194 12
3490 10
2
577 9
1127 2
2
2576 12
2946 10
2
3887 20
941 17
2
1229 15
800 10
2
1293 17
2450 3
2
2275 16
3640 18
2
3487 11
2445 8
2
2546 11
1367 2
2
1709 15
378 10
2
3332 15
828 6
2
1195 2
35 20
2
1337 16
953 1
2
68 2
3345 4
2
3425 5
2953 1
2
1324 18
1183 5
2
2990 19
3750 7
2
1839 20
3434 14
2
3154 4
2120 7
2
1805 6
1681 17
2
1931 18
3096 0
2
1259 0
57 15
2
742 19
700 1
2
3941 4
3725 7
2
3226 0
4022 16
2
1765 15
2955 4
2
190 19
1830 11
2
836 2
3775 1
2
3928 6
2317 7
2
1316 6
3733 0
2
802 5
388 16
2
1839 10
3630 14
2
2929 20
2814 13
2
2494 10
1630 13
2
298 15
1827 10
2
2475 9
259 6
2
1786 14
1041 12
2
2856 14
1298 17
2
1553 16
52 20
2
827 8
1748 19
2
966 7
3819 14
2
3677 20
36 17
2
1177 10
834 12
2
3786 14
3431 13
2
183 19
101 1
2
492 2
2563 20
2
1361 19
219 19
2
622 12
2996 8
2
1283 18
3171 17
2
3918 7
3655 1
2
1584 1
2046 10
2
1850 20
427 3
2
2473 1
1972 3
2
2975 19
1504 7
2
3098 15
1792 19
2
2120 9
893 11
2
872 17
311 18
2
160 3
1208 18
2
3953 0
4036 0
2
1094 19
475 9
2
369 10
2866 1
2
4082 4
3453 0
2
1962 7
2321 0
2
3324 12
1731 12
2
2281 13
1408 16
2
2133 14
2864 3
2
380 7
3201 1
2
2248 18
123 5
2
3058 1
3928 4
2
2471 13
3507 17
2
1321 3
1233 9
2
3423 2
1556 16
2
1611 18
3402 1
2
734 18
2179 3
2
1391 8
75 19
2
2039 18
860 0
2
732 12
1621 18
2
4015 3
226 5
2
2756 13
1530 9
2
2011 0
3194 20
2
1315 10
722 20
2
31 6
134 0
2
2799 12
3432 0
2
440 11
602 19
2
3602 19
463 2
2
2017 12
2932 8
2
1113 18
959 0
2
2315 11
2513 12
2
3151 7
3960 2
2
2492 15
3086 17
2
2895 14
1551 0
2
106 7
2594 3
2
3651 20
2950 5
2
1106 0
2985 9
2
943 11
238 0
2
863 6
4085 7
2
1508 5
3976 1
2
1997 17
3631 18
2
3164 17
3552 12
2
3932 13
3767 18
2
646 12
2522 12
2
2395 17
798 15
2
2898 0
3560 10
2
1274 15
2192 19
2
667 18
3541 5
2
3647 16
1166 0
2
2184 9
3823 10
2
881 13
3566 14
2
429 6
1713 4
2
394 5
1122 10
2
210 7
2290 7
2
279 6
853 20
2
2433 3
3875 14
2
25 1
1002 2
2
3991 8
3078 6
2
421 4
3962 6
2
124 3
713 12
2
3447 11
1574 16
2
202 0
3154 11
2
3438 5
4045 3
2
2714 13
1548 8
2
565 17
3410 13
2
2619 11
1927 17
2
3600 13
3187 13
2
1980 17
2290 1
2
2784 6
1194 12
2
2841 18
1906 19
2
2185 19
3127 10
2
568 3
2917 10
2
3013 17
2906 4
2
2387 16
1610 1
2
3656 6
282 4
2
2824 10
694 13
2
2784 17
3844 7
2
1500 10
2550 10
2
973 5
78 14
2
3263 13
2886 0
2
346 0
855 7
2
4094 3
2775 1
2
2774 1
3079 10
2
2171 10
3118 13
2
4074 9
3732 11
2
3516 13
1704 9
2
3477 13
3499 3
2
1448 0
2132 16
2
484 7
1093 2
2
1863 11
1190 16
2
3534 20
1488 16
2
2761 6
2769 17
2
1799 13
781 18
2
3057 10
3242 2
2
3899 0
1287 13
2
202 5
28 20
2
485 6
3923 0
2
3112 14
3202 13
2
3038 16
3519 10
2
3558 1
561 7
2
2508 20
3393 14
2
1295 6
395 3
2
2524 10
440 7
2
3800 14
2127 17
2
105 5
334 5
2
3999 3
2918 13
2
2718 12
3087 19
2
1522 3
909 5
2
337 3
3723 19
2
141 4
3314 5
2
3987 2
2499 1
2
3948 9
2995 5
2
2587 0
4021 4
2
595 7
2167 15
2
144 8
1758 13
2
1078 9
3457 4
2
3084 18
1163 11
2
532 15
384 5
2
428 5
361 3
2
2297 0
3382 14
2
301 10
3113 9
2
2668 13
882 10
2
291 1
2827 19
2
3978 5
3285 19
2
2084 15
479 10
2
1201 10
838 0
2
2059 8
1230 8
2
1098 16
1035 9
2
1344 1
1901 19
2
2845 17
1845 16
2
1118 19
3022 10
2
3371 17
2768 10
2
446 8
1705 12
2
330 13
2527 10
2
2815 19
2429 4
2
3985 0
1768 13
2
1363 7
3536 4
2
696 13
1639 10
2
755 18
395 5
2
1695 5
3510 8
2
277 18
3716 19
2
1216 3
1805 0
2
2000 6
3339 20
2
1918 4
905 11
2
1701 13
190 13
2
1265 2
1066 8
2
2365 20
4000 11
2
782 13
3721 15
2
1204 16
2762 18
2
194 16
3561 9
2
2193 8
3931 17
2
3590 2
569 19
2
2822 17
3826 4
2
3134 1
3230 7
2
3659 16
3992 19
2
607 10
339 13
2
3567 13
2253 3
2
7 14
3427 5
2
3140 5
442 17
2
2312 9
1045 18
2
1753 17
1505 20
2
2260 15
1795 2
2
2221 18
1960 4
2
2673 14
2979 5
2
2417 16
2544 15
2
3067 2
2250 9
2
3771 17
35 11
2
924 10
1420 15
2
2398 20
3821 13
2
2129 14
1562 4
2
1016 3
147 20
2
2071 18
2701 3
2
2937 10
1263 8
2
2696 1
2226 11
2
2561 8
1712 2
2
3694 17
985 3
2
3072 16
3999 9
2
2337 13
1179 15
2
306 15
3094 5
2
971 8
1139 0
2
3322 5
1260 7
2
1345 2
2569 6
2
4012 20
3045 5
2
2169 2
1442 16
2
2485 17
3248 19
2
788 2
3286 15
2
3134 16
344 15
2
1295 0
3274 4
2
1947 14
3764 16
2
2135 12
277 9
2
3690 11
3322 19
2
2550 12
3716 15
2
1784 14
1136 15
2
1342 4
2772 0
2
1906 17
867 5
2
3479 3
507 1
2
1881 2
1462 6
2
3270 11
2402 18
2
579 11
3525 8
2
2092 4
2617 7
2
2336 5
121 17
2
1334 15
997 11
2
239 11
2726 14
2
2401 5
240 7
2
1059 15
3905 19
2
385 10
2738 0
2
2420 2
1624 19
2
2029 7
398 8
2
281 17
212 14
2
1022 18
1387 11
2
2497 18
1343 17
2
3207 4
1758 15
2
3698 16
621 10
2
2765 4
1419 12
2
826 15
2324 7
2
2610 15
2459 9
2
3212 10
2432 3
2
3088 19
3935 14
2
819 0
2435 15
2
6 5
3498 10
2
2025 9
3472 10
2
3851 11
3840 7
2
3815 8
1408 4
2
1400 18
859 19
2
3823 20
2764 10
2
2941 1
2798 13
2
3810 15
2457 7
2
2388 7
1543 18
2
3208 11
965 5
2
873 11
833 6
2
95 5
2145 17
2
4071 0
1790 14
2
3206 10
300 17
2
1249 2
3358 0
2
1451 10
1675 6
2
3216 3
2525 7
2
2668 20
1392 13
2
281 18
33 16
2
1325 9
3925 11
2
2721 8
2304 0
2
1895 3
136 18
2
2430 17
748 1
2
2410 8
274 11
2
2973 15
848 13
2
2865 10
2043 2
2
1488 5
367 1
2
1778 15
3811 4
2
988 1
3911 1
2
598 9
2918 1
2
1132 18
2055 15
2
2133 18
3869 0
2
3684 13
1147 11
2
1742 15
2465 12
2
61 9
2638 10
2
3236 10
2156 14
2
3220 18
2287 9
2
3727 19
2579 6
2
636 12
2728 5
2
3179 1
2278 7
2
2139 7
3254 15
2
207 15
2650 1
2
1229 8
913 7
2
2661 4
3592 10
2
710 3
3418 13
2
1056 17
2072 10
2
1311 13
3011 13
2
3919 6
3537 6
2
1272 3
2345 12
2
1481 0
2984 0
2
1397 9
1593 20
2
712 14
3241 6
2
2304 9
292 14
2
3595 12
3842 10
2
1474 8
4008 3
2
4092 4
3388 17
2
3321 11
4050 12
2
1196 9
543 8
2
1055 15
2118 16
2
4067 3
3589 8
2
3121 5
3158 15
2
665 5
2936 15
2
789 1
3221 5
2
2689 19
3407 8
2
3989 12
442 6
2
196 2
1143 19
2
2251 0
3722 15
2
914 6
2856 5
2
3262 7
3853 16
2
1411 8
3317 4
2
3763 1
3338 2
2
4006 7
2527 10
2
136 11
2961 0
2
108 10
2729 9
2
678 10
3880 7
2
3306 7
1533 10
2
3865 8
599 15
2
2573 4
1675 1
2
3959 3
2652 19
2
3983 20
77 8
2
3876 17
695 10
2
1645 6
3852 3
2
3534 14
1767 9
2
2804 5
2148 11
2
2683 8
3069 5
2
2483 15
373 2
2
3542 19
2181 10
2
1667 9
3873 4
2
299 18
830 15
2
3696 11
4057 11
2
326 19
533 15
2
2088 11
1319 0
2
3260 18
343 18
2
1544 13
1321 15
2
1040 13
1806 5
2
2231 7
1810 10
2
3360 9
3814 13
2
727 20
1517 16
2
368 17
2632 16
2
1815 10
2958 13
2
3606 8
97 7
2
2765 17
1534 18
2
940 5
2448 3
2
2613 7
599 8
2
927 11
2354 13
2
3856 11
3186 20
2
3940 3
2188 0
2
2211 11
3945 12
2
978 8
3726 5
2
3279 13
846 8
2
2266 5
2823 10
2
285 2
690 12
2
883 14
2300 16
2
639 12
3894 14
2
1117 7
1734 7
2
1692 12
961 4
2
4058 10
1509 19
2
606 3
2376 5
2
131 7
1255 18
2
1350 3
1190 16
2
1947 11
3137 7
2
2170 7
233 15
2
2168 10
3889 17
2
2233 9
3632 7
2
3052 13
4093 16
2
3285 13
1715 5
2
2791 16
3970 12
2
1140 18
1809 17
2
3749 1
1361 3
2
2597 8
19 13
2
987 7
55 14
2
3168 17
3723 10
2
2552 15
431 1
2
208 10
2875 5
2
3093 13
360 12
2
1716 7
439 7
2
2177 1
3547 13
2
2426 13
2370 19
2
357 0
3175 9
2
582 2
3821 11
2
3036 13
1706 14
2
571 9
693 8
2
2486 4
3380 20
2
2570 6
1380 16
2
2061 15
275 3
2
207 19
2786 10
2
154 15
2704 1
2
84 7
77 7
2
1904 19
1935 2
2
2243 15
985 16
2
1405 2
2170 20
2
3657 17
1329 20
2
1268 13
433 4
2
2158 18
962 11
2
3334 19
2238 0
2
3675 10
2858 2
2
1271 19
211 14
2
2996 5
3858 6
2
2022 18
2097 17
2
1878 1
145 7
2
2330 3
2869 16
2
787 9
1559 8
2
2255 11
1388 20
2
504 18
2261 19
2
1823 14
3414 8
2
785 10
22 13
2
3651 13
2750 6
2
672 5
2775 10
2
4044 5
184 8
2
1073 5
3846 0
2
2523 2
1807 5
2
3866 5
2382 16
2
2809 18
2628 7
2
1567 19
3899 3
2
2725 17
731 20
2
2799 19
1751 14
2
2910 19
2422 7
2
1923 7
3885 18
2
3321 10
2607 17
2
2310 19
2407 7
2
768 8
1534 7
2
3863 5
3046 13
2
2871 5
466 11
2
181 9
1592 8
2
502 19
2656 0
2
1467 3
4025 17
2
2690 15
1291 1
2
723 15
2171 9
2
3642 3
2218 18
2
1437 1
3449 15
2
339 2
1596 11
2
1985 11
1634 1
2
1376 11
2081 4
2
133 0
3379 14
2
752 9
2618 12
2
1444 2
1935 10
2
2246 10
1752 4
2
1928 11
2245 16
2
1875 13
1994 2
2
2559 13
3575 16
2
2469 20
2790 14
2
2813 9
4077 16
2
1146 19
97 12
2
1632 9
3557 5
2
254 10
1831 16
2
2100 2
2284 9
2
745 13
2776 13
2
2286 1
686 10
2
607 8
1377 15
2
2972 5
2381 15
2
3607 15
1642 17
2
3508 3
2313 12
2
3853 14
3708 9
2
464 19
3241 14
2
1068 10
1409 1
2
2763 10
1766 5
2
2510 3
629 10
2
394 13
2254 1
2
3313 2
1639 9
2
3842 4
1104 2
2
40 14
3951 5
2
363 8
901 8
2
2846 1
2879 16
2
3669 14
1085 18
2
3346 8
3760 14
2
3295 14
3032 7
2
2529 3
2110 14
2
3681 2
991 13
2
4014 18
2851 5
2
507 11
3826 20
2
2058 15
488 4
2
2525 4
3898 20
2
1212 7
437 3
2
1832 20
3442 18
2
2214 12
1664 8
2
783 4
255 6
2
2371 16
1450 3
2
3240 0
2360 5
2
3188 3
814 5
2
2724 7
423 1
2
3261 5
1255 10
2
3172 13
358 18
2
2654 4
2754 11
2
1872 2
2373 8
2
3549 5
3600 20
2
3310 19
286 6
2
3479 3
2972 15
2
847 12
1744 17
2
231 4
2468 11
2
1940 5
2109 8
2
1092 14
1247 15
2
2174 11
60 12
2
2734 17
3215 15
2
580 5
1495 8
2
2314 15
809 12
2
1602 6
3618 1
2
2506 6
3043 17
2
2128 17
4039 7
2
786 8
880 18
2
2684 17
203 4
2
3153 13
834 6
2
2097 1
3376 4
2
1412 10
2274 20
2
3664 3
3050 9
2
1090 6
823 15
2
2183 4
876 5
2
1135 6
581 7
2
2031 13
2951 1
2
3449 1
3344 2
2
3476 2
465 14
2
886 1
364 14
2
578 9
682 10
2
3431 19
1753 16
2
1592 11
2458 12
2
323 18
3017 20
2
2310 20
2759 13
2
3150 3
109 9
2
2117 10
3420 0
2
1905 16
2249 1
2
105 14
1821 0
2
1982 10
691 6
2
789 12
2474 18
2
2715 20
1445 19
2
1174 4
1700 14
2
2301 18
120 2
2
572 5
493 2
2
1651 10
1846 2
2
2452 8
178 18
2
1550 12
3400 15
2
187 16
2702 1
2
2790 13
3433 7
2
2205 9
553 1
2
2484 11
2078 14
2
2512 19
3772 16
2
444 15
2925 10
2
804 17
2904 4
2
3468 13
2921 11
2
2225 3
1373 0
2
3319 12
2478 6
2
153 18
1895 8
2
2909 10
3988 16
2
3442 16
3513 20
2
1564 18
1112 13
2
3164 15
523 14
2
209 16
2928 3
2
3882 6
4063 8
2
4089 2
2416 13
2
1004 7
2634 11
2
1215 12
2948 18
2
1853 20
2974 5
2
3527 14
1682 4
2
1924 20
1857 19
2
564 14
3275 13
2
1732 7
3859 3
2
476 1
2660 0
2
1249 6
2259 3
2
3234 6
717 0
2
1677 12
2326 14
2
477 2
2846 7
2
50 7
2462 18
2
2596 13
2425 3
2
1573 4
1737 17
2
3228 6
3908 11
2
3548 14
3426 9
2
968 9
2947 10
2
1150 12
2048 10
2
2530 11
3830 14
2
2264 17
3646 0
2
3149 0
1739 5
2
3125 14
2963 6
2
3522 4
2786 2
2
3784 19
2166 9
2
2535 6
3997 15
2
670 16
1332 0
2
1742 9
860 8
2
3282 0
222 15
2
439 0
2877 19
2
373 17
338 4
2
2600 11
3817 6
2
247 14
1662 1
2
3606 11
640 10
2
1590 12
1179 18
2
2952 15
1052 0
2
3683 11
2131 5
2
676 3
2396 3
2
2514 9
3874 1
2
4023 19
163 4
2
500 17
2268 8
2
3004 18
118 10
2
3152 5
1976 10
2
1912 19
2980 7
2
2772 13
1740 10
2
1378 12
3544 15
2
1502 2
2392 15
2
905 19
3680 15
2
1193 3
155 13
2
3347 1
2298 20
2
327 8
791 1
2
2093 17
2890 11
2
1875 0
2121 5
2
3737 6
3292 3
2
1300 13
353 16
2
3789 12
2880 4
2
3686 1
3224 13
2
2282 20
2594 9
2
387 18
4067 5
2
1218 16
2155 6
2
1390 9
3021 13
2
315 19
1833 1
2
3758 17
1577 11
2
849 14
3247 0
2
3986 3
1717 18
2
324 18
1220 16
2
2816 19
3037 13
2
2878 15
748 16
2
245 4
3734 5
2
3673 3
1191 18
2
2068 12
701 7
2
3763 8
2421 12
2
1914 7
490 6
2
2431 11
3272 3
2
3644 18
3580 14
2
1368 2
675 13
2
3137 14
2105 7
2
3590 20
3556 7
2
3971 2
99 20
2
335 0
534 13
2
449 13
1052 16
2
461 14
2010 5
2
689 2
833 17
2
687 20
2037 0
2
3977 0
466 12
2
3921 12
3805 11
2
1437 7
1400 13
2
2987 7
1891 19
2
2617 1
482 18
2
17 4
2105 12
2
176 9
637 19
2
3790 11
3157 19
2
857 19
1272 2
2
2019 0
506 3
2
4081 4
3130 2
2
2206 1
2802 5
2
423 3
3383 16
2
3367 7
3538 1
2
2981 4
1897 1
2
2424 14
1057 8
2
3210 12
112 2
2
3812 5
72 10
2
2968 11
3090 10
2
2873 5
2883 19
2
3890 7
251 19
2
3517 17
2699 12
2
2094 7
3359 0
2
524 6
2124 16
2
1098 6
2422 16
2
3518 15
1473 12
2
762 13
1921 6
2
3907 16
3625 1
2
2515 7
191 2
2
1716 2
2646 15
2
521 6
1198 5
2
3968 0
3066 19
2
1750 9
1483 17
2
485 14
1198 0
2
754 14
3473 14
2
515 1
2982 2
2
1961 5
2835 20
2
172 15
1554 12
2
1163 0
2530 10
2
318 10
435 6
2
3988 7
4059 3
2
3180 2
3532 7
2
1499 18
2649 4
2
3136 8
4010 2
2
3268 1
381 0
2
1109 14
224 5
2
3350 20
1278 13
2
3349 20
2281 9
2
456 19
1168 5
2
2403 18
2410 4
2
2350 3
819 17
2
1690 15
3610 19
2
1893 20
2151 15
2
318 20
2 12
2
1333 4
2461 10
2
3956 20
2926 0
2
1164 13
3325 0
2
3008 9
3556 17
2
1726 7
3391 18
2
3691 10
511 16
2
3492 10
3756 9
2
142 9
354 5
2
2369 3
719 7
2
15 11
2067 5
2
3316 7
2200 18
2
2231 11
1939 19
2
2043 8
2205 17
2
3711 4
213 2
2
2824 17
3670 15
2
882 4
1522 10
2
4017 19
689 6
2
1761 16
1207 9
2
746 13
3893 18
2
3173 4
986 18
2
29 14
1686 13
2
1556 15
2378 20
2
3105 14
10 20
2
3054 20
657 17
2
3512 1
2350 0
2
2812 14
3833 15
2
3315 16
1472 18
2
1937 3
2558 14
2
3736 0
2263 17
2
1688 8
367 10
2
1644 5
575 14
2
3781 6
2967 17
2
1421 3
3810 2
2
1506 13
1826 20
2
3361 18
378 19
2
2312 6
790 13
2
1931 17
2793 14
2
160 17
1687 8
2
2457 5
4008 13
2
2456 1
1468 15
2
2264 6
3855 18
2
2017 13
2238 8
2
2621 1
1583 16
2
3200 15
349 8
2
3514 13
2403 12
2
3605 6
2708 1
2
425 3
693 11
2
4009 8
2452 16
2
1577 8
1173 3
2
3698 14
149 8
2
2975 8
922 12
2
2587 0
3545 7
2
20 2
1184 4
2
3862 8
2757 13
2
2571 4
2261 10
2
875 1
3757 16
2
1593 8
34 5
2
1386 5
3076 8
2
2431 0
3445 2
2
405 6
603 6
2
1083 7
1886 12
2
2956 13
1072 5
2
3422 2
1165 13
2
2493 4
3189 0
2
2387 8
1764 10
2
596 13
3419 2
2
2062 4
2707 2
2
3554 13
3751 16
2
2650 5
1652 8
2
3829 9
3235 9
2
2850 5
1674 17
2
929 16
3965 7
2
2054 18
2532 20
2
3794 7
2091 11
2
3184 19
2679 13
2
393 13
2718 0
2
3202 7
3648 11
2
2653 14
2078 7
2
3643 18
729 15
2
2325 7
104 13
2
2505 13
1426 5
2
2510 0
2755 5
2
3482 5
558 5
2
747 0
1275 7
2
1609 8
169 20
2
3145 18
3213 16
2
2291 4
1147 5
2
415 3
3772 12
2
1973 17
3415 2
2
362 5
3972 16
2
2753 11
411 12
2
2054 12
1003 1
2
3101 15
3180 1
2
3599 8
2262 13
2
1728 9
1730 6
2
26 20
3453 5
2
3452 5
2697 0
2
1020 7
3850 18
2
4071 4
2487 7
2
2341 1
489 17
2
357 14
2808 4
2
1465 19
2072 20
2
2580 5
1915 11
2
1452 13
2309 9
2
3881 13
4062 1
2
3909 14
1684 1
2
711 20
2604 15
2
130 13
1717 4
2
3753 17
2129 7
2
3979 9
1765 11
2
2602 20
1670 5
2
391 20
3208 13
2
6 11
51 19
2
3904 18
18 9
2
3726 17
3 6
2
2913 10
3620 7
2
613 17
3337 14
2
3597 11
1404 16
2
2146 0
545 4
2
2611 10
3181 2
2
2323 20
2779 13
2
1438 13
3912 20
2
3158 3
2888 3
2
2050 15
171 14
2
1632 0
2236 0
2
2616 17
3439 5
2
1406 10
743 18
2
419 10
808 16
2
3648 10
1790 0
2
3560 9
2139 1
2
2643 11
143 2
2
85 12
1091 13
2
3972 13
1963 0
2
2636 10
1005 5
2
602 14
831 0
2
519 4
3363 10
2
1204 17
1855 8
2
632 0
2305 7
2
2537 8
1316 16
2
280 7
2154 9
2
140 10
1185 16
2
2912 10
3917 19
2
359 14
2779 3
2
634 7
2629 11
2
1949 18
2340 11
2
1071 18
3663 10
2
2217 2
2173 12
2
3639 3
193 14
2
508 12
938 12
2
685 17
1193 1
2
2083 19
2705 17
2
3123 3
1890 17
2
2057 15
3676 16
2
2832 8
389 7
2
1629 1
2208 3
2
3381 1
311 0
2
3213 20
2427 5
2
3401 13
253 16
2
859 17
1331 6
2
2778 13
1824 5
2
1148 13
3324 17
2
729 14
3328 15
2
3702 19
2791 10
2
369 18
1398 18
2
1676 18
4076 6
2
2471 5
3242 4
2
1142 19
2325 9
2
244 13
4001 18
2
2891 8
3779 2
2
2384 14
285 19
2
1148 19
3222 14
2
3697 14
3845 11
2
1242 13
464 18
2
1425 2
1262 1
2
1824 3
1984 2
2
3601 1
3344 7
2
4095 14
1448 8
2
2783 20
2994 14
2
774 3
948 7
2
2240 19
2829 4
2
2959 6
1024 12
2
1829 20
3316 1
2
3857 20
2380 16
2
3742 7
3883 14
2
2740 5
2368 6
2
2998 19
1298 0
2
3637 1
2333 5
2
3264 15
1468 8
2
1100 15
3408 7
2
2628 4
2358 16
2
3581 14
3048 13
2
298 20
3235 14
2
3156 5
874 17
2
892 15
375 15
2
1439 19
374 2
2
2114 7
2734 12
2
3599 7
3594 4
2
1338 11
3424 13
2
1023 11
1910 18
2
3360 17
3296 7
2
2094 3
3115 5
2
2792 1
2199 2
2
1573 18
2463 18
2
3486 9
2738 10
2
1238 16
2842 9
2
2534 2
3779 3
2
2069 4
3642 2
2
1803 10
1430 10
2
1897 16
4019 12
2
2743 14
3932 12
2
2849 13
167 5
2
3794 14
3831 2
2
81 10
920 2
2
932 17
2568 7
2
310 5
1736 20
2
2557 6
4036 2
2
2620 5
1401 0
2
203 4
1783 15
2
3111 16
1680 20
2
1542 1
2056 5
2
2207 3
1959 7
2
1393 19
170 20
2
1665 8
436 11
2
3293 14
3791 2
2
299 12
3547 14
2
3939 18
3719 13
2
128 9
2021 5
2
2224 10
2433 20
2
2434 3
3638 14
2
784 1
1062 14
2
3804 16
969 15
2
1068 10
536 11
2
2971 8
906 10
2
2844 2
3296 20
2
1013 6
2321 7
2
2955 10
1536 19
2
261 17
496 0
2
3769 17
3553 4
2
4086 20
2965 12
2
2150 7
519 18
2
3474 11
3847 9
2
1494 20
1921 16
2
3450 8
3553 7
2
3156 20
2759 13
2
1574 18
3532 1
2
1571 8
2720 19
2
632 13
1804 6
2
2559 3
283 17
2
2448 11
3402 6
2
3252 11
3012 8
2
3122 15
265 5
2
650 7
2361 1
2
2482 7
669 18
2
120 19
3354 19
2
2141 13
1327 7
2
2025 11
3717 16
2
4062 12
2058 16
2
1560 14
383 7
2
46 18
307 1
2
165 1
991 2
2
1950 18
100 3
2
1253 10
3167 1
2
940 20
433 4
2
1212 20
3472 7
2
685 14
55 18
2
1314 13
1270 7
2
1666 15
1597 20
2
1244 10
1541 3
2
2601 0
3330 1
2
2601 0
1854 2
2
2195 0
3671 12
2
2294 19
4020 15
2
561 19
779 14
2
1423 16
2667 14
2
249 8
2733 18
2
3035 7
2328 5
2
1988 17
1763 5
2
611 12
209 15
2
3964 18
2344 4
2
1110 11
3705 17
2
430 17
3543 1
2
2151 12
3585 14
2
3504 3
2191 1
2
734 0
2642 18
2
1796 13
3860 19
2
3563 2
3100 3
2
3435 18
1449 11
2
3293 18
2111 15
2
667 6
2333 3
2
1178 8
3239 0
2
893 8
2741 16
2
3433 11
3485 10
2
981 6
1396 12
2
1594 7
414 15
2
3078 13
2728 20
2
1397 10
2147 19
2
503 20
793 0
2
2367 4
1261 18
2
180 10
2685 1
2
2767 6
1640 0
2
60 17
3063 17
2
4013 13
3907 6
2
703 19
2847 16
2
1514 17
1810 2
2
1655 4
2486 7
2
1033 1
192 4
2
1106 7
3502 10
2
3175 3
1660 8
2
1723 14
1456 7
2
4022 19
2573 7
2
3758 17
2352 0
2
266 2
1950 6
2
1379 15
3135 14
2
1354 7
3371 15
2
3627 12
293 10
2
2174 0
2181 5
2
1996 7
3288 3
2
230 12
2596 1
2
2038 4
3067 10
2
3936 18
3509 16
2
2677 20
90 10
2
527 7
760 20
2
1138 0
1625 17
2
3266 15
3952 18
2
1308 18
3139 2
2
2543 4
1213 7
2
3255 11
2424 13
2
3952 14
2944 13
2
481 2
2606 4
2
3275 1
2247 9
2
267 8
188 7
2
899 17
2292 19
2
38 13
407 2
2
1133 13
2883 11
2
3884 14
3362 10
2
4018 13
850 12
2
112 14
3835 2
2
2371 10
2868 17
2
1455 10
1837 3
2
3001 11
1619 4
2
3528 14
735 10
2
2905 16
3406 14
2
931 10
556 9
2
1135 3
320 15
2
1882 13
1720 10
2
3519 19
400 5
2
768 19
1595 13
2
1099 10
1843 3
2
1943 5
3636 17
2
609 18
2578 3
2
334 19
2496 3
2
1798 18
3124 9
2
1301 4
1603 12
2
2220 9
766 8
2
156 5
3370 4
2
1622 3
3954 6
2
625 6
1444 9
2
1546 19
4073 20
2
894 17
322 1
2
2884 15
2833 19
2
2234 8
3612 16
2
1614 17
3757 3
2
3582 13
563 14
2
1817 11
1511 8
2
2840 15
2165 11
2
2978 15
2391 17
2
3043 10
2801 19
2
719 20
3944 20
2
2659 7
675 3
2
3020 5
3471 17
2
1094 10
2949 19
2
2306 15
3732 2
2
1242 7
2159 3
2
2502 3
2277 13
2
1943 8
1848 12
2
2777 11
3728 2
2
2665 0
1520 13
2
3287 5
1862 16
2
1142 12
458 17
2
3385 0
3816 0
2
3272 6
1990 2
2
383 11
2580 14
2
252 15
1535 18
2
749 6
631 20
2
3864 5
2237 10
2
3540 7
997 0
1
1046 17
2
1074 3
2460 8
2
820 9
1995 3
2
1787 17
805 11
2
89 10
2116 3
2
1234 20
1775 18
2
487 4
3040 1
2
2652 7
2044 4
2
3424 16
1778 4
2
1360 10
692 8
2
707 8
3465 17
2
1218 4
350 16
2
3852 2
1451 11
2
48 14
3363 9
2
3718 3
3412 16
2
3667 17
3281 17
2
2454 1
2542 0
2
3136 14
658 19
2
651 4
171 6
2
116 14
2175 1
2
3290 8
2982 1
2
2881 16
1643 6
2
1770 12
47 18
2
644 14
1969 12
2
2735 18
936 7
2
1271 0
1107 4
2
206 8
3594 17
2
2551 20
4014 10
2
2859 17
3892 11
2
3444 12
3205 16
2
262 10
451 13
2
1647 11
811 11
2
392 4
2663 1
2
822 20
2001 14
2
862 9
2162 3
2
2232 9
1607 7
2
3562 3
3525 2
2
1248 9
2063 4
2
3388 6
195 3
2
2441 11
1077 8
2
349 1
1692 7
2
3243 19
658 20
2
3833 10
1841 1
2
2679 14
2197 11
2
1497 2
1944 0
2
1214 17
1184 10
2
216 14
3274 12
2
3310 11
959 4
2
3580 2
850 12
2
966 12
813 19
2
424 2
1530 2
2
3568 14
3430 7
2
1851 8
2091 17
2
761 18
1697 9
2
1801 9
1167 2
2
1866 7
1756 18
2
2583 15
1904 20
2
2796 14
2026 12
2
2339 8
2073 13
2
1745 8
2553 3
2
532 18
3942 13
2
3587 16
1614 1
2
3304 11
1124 11
2
1780 18
1480 16
2
931 4
1351 2
2
1936 17
1045 18
2
1262 17
2142 10
2
3389 2
2919 15
2
1203 10
2939 4
2
128 6
3320 5
2
1141 7
22 0
2
2542 19
3008 13
2
2915 8
3881 19
2
350 4
3736 0
2
3250 6
1199 16
2
2024 13
2360 7
2
114 4
2676 14
2
2520 10
999 10
2
3051 11
2861 13
2
1312 9
341 16
2
2917 20
2742 10
2
1425 10
264 1
2
1542 7
166 8
2
2845 4
3141 20
2
1112 3
2074 19
2
471 14
1223 10
2
1389 8
3426 9
2
2589 4
3238 14
2
702 10
3568 2
2
1226 0
900 6
2
3785 10
3382 15
2
840 0
1283 14
2
3693 2
2367 1
2
33 19
2404 3
2
1048 11
3849 17
2
314 7
645 12
2
2458 4
967 1
2
2914 7
1123 6
2
747 11
2356 6
2
3131 4
2965 10
2
1630 17
1058 6
2
254 16
2769 7
2
3528 11
2075 11
2
3081 0
74 3
2
3597 9
2002 12
2
1566 11
2597 19
2
3837 17
3910 16
2
2449 2
3454 18
2
161 19
2914 11
2
3755 2
2993 3
2
3124 14
2980 16
2
1414 17
3979 17
2
3397 18
4083 13
2
3017 11
916 16
2
345 5
3539 20
2
3069 6
637 3
2
3225 3
2026 18
2
3641 19
576 16
2
1029 2
2432 5
2
3410 8
2089 15
2
763 20
3093 5
2
58 4
3741 5
2
2108 11
2988 8
2
1371 1
3083 5
2
2472 18
711 18
2
1101 12
999 9
2
2466 15
2943 0
2
2221 6
1973 1
2
4051 8
229 18
2
2073 3
2147 3
2
2999 4
268 10
2
1322 14
3257 1
2
2122 8
2748 14
2
2992 17
1769 14
2
1826 14
525 19
2
491 8
1415 5
2
665 18
2117 20
2
2986 7
531 2
2
3815 19
3461 13
2
1684 2
3217 6
2
147 4
3540 14
2
875 9
3691 14
2
3089 18
1710 13
2
1963 1
743 9
2
2639 20
1406 17
2
1372 15
1722 9
2
1689 12
3034 17
2
38 11
3323 7
2
2166 11
2009 19
2
1855 14
3771 11
2
3375 18
644 8
2
3025 14
1527 17
2
1747 8
2095 10
2
1617 3
2252 8
2
2263 16
1480 18
2
3143 20
1078 18
2
2787 0
3085 3
2
4083 15
1386 18
2
276 13
1939 2
2
297 6
1221 11
2
575 6
3983 2
2
3470 18
1119 8
2
2897 19
1841 7
2
1019 13
1336 20
2
3330 16
3658 6
2
1978 7
3234 11
2
1781 16
3462 14
2
492 2
3849 16
2
2940 1
1873 1
2
3478 20
37 4
2
1445 11
1345 7
2
2451 18
957 13
2
427 12
692 0
2
2472 14
755 6
2
3498 19
1180 3
2
2685 7
539 12
2
2959 6
1380 6
2
736 13
1991 2
2
639 14
3304 12
2
1911 19
271 10
2
1017 11
2789 0
2
900 18
864 0
2
2931 11
75 6
2
659 0
622 19
2
998 16
3962 2
2
2664 6
2704 4
2
810 7
586 16
2
612 2
115 13
2
2843 17
94 7
2
3566 12
2735 13
2
1600 18
1087 7
2
4085 1
1602 14
2
1442 17
2910 14
2
3676 18
3953 11
2
457 2
1429 18
2
1476 4
445 0
2
248 14
3582 18
2
306 5
3018 3
2
2659 4
392 15
2
1771 16
3803 13
2
2499 1
1711 2
2
737 16
3724 20
2
3019 12
641 12
2
670 14
390 6
2
2490 13
816 0
2
1861 14
2804 9
2
2575 4
1961 9
2
2405 6
797 7
2
3132 5
1661 1
2
3684 14
3680 18
2
3936 11
2694 0
2
3712 6
795 19
2
2113 5
1472 12
2
3358 20
654 0
2
608 5
2352 7
2
2506 0
2579 4
2
2990 3
1505 19
2
2724 2
387 18
2
2592 14
1994 3
2
2751 6
3927 2
2
2215 6
1269 18
2
2484 7
3635 18
2
3428 7
1070 17
2
1030 19
928 5
2
80 3
1220 14
2
1641 8
3334 0
2
4001 11
4075 19
2
1856 17
3038 12
2
3297 2
401 2
2
3489 13
3446 16
2
185 14
1769 15
2
588 13
2077 1
2
1916 2
623 9
2
2732 1
2511 0
2
3303 0
2389 16
2
407 11
2816 5
2
3854 17
3466 9
2
1880 3
2517 7
2
1713 19
2599 7
2
2586 8
1773 12
2
2991 20
3903 2
2
528 1
1594 17
2
1636 5
2828 0
2
238 15
3283 3
2
2803 2
994 9
2
3343 7
3212 16
2
282 5
2976 12
2
871 11
2476 16
2
2750 8
1811 13
2
2847 19
1802 13
2
770 13
2236 3
2
1669 18
3996 8
2
1302 7
1844 3
2
3994 8
1647 5
2
3244 15
1941 13
2
2272 3
895 10
2
2798 3
2869 9
2
2839 11
1247 16
2
3524 18
3969 11
2
2042 5
1453 20
2
2257 1
597 8
2
1199 19
1175 18
2
956 5
1520 17
2
236 12
2983 7
2
4028 7
626 12
2
2966 3
3395 13
2
2222 12
3404 8
2
865 16
3346 2
2
4021 6
2131 16
2
2875 20
366 14
2
3658 13
1981 0
2
3140 18
3770 10
2
2713 3
606 2
2
1603 0
2553 7
2
1755 17
3373 19
2
3692 13
739 9
2
3565 12
2375 5
2
3628 15
1144 0
2
2805 4
4011 6
2
3666 19
2660 16
2
1374 17
3258 19
2
164 8
1537 15
2
3097 17
2558 13
2
1499 1
2453 11
2
436 15
431 0
2
4007 7
861 3
2
2007 4
204 7
2
57 14
356 17
2
1868 9
1674 4
2
1525 14
794 5
2
522 5
1840 18
2
1688 6
2300 8
2
891 8
2494 10
2
3572 2
2694 0
2
1894 4
554 10
2
1372 9
843 20
2
2326 18
3169 7
2
1656 3
1475 3
2
1258 8
1823 16
2
1622 20
1340 19
2
2239 6
2152 19
2
857 13
3080 5
2
2755 3
934 13
2
1478 9
2599 15
2
960 8
1503 1
2
2411 3
2612 0
2
2419 10
132 3
2
1663 8
2968 12
2
2086 12
3871 8
2
1650 20
914 18
2
2271 11
95 8
2
1791 12
2556 15
2
1026 14
1911 17
2
2363 14
413 3
2
212 18
3001 11
2
3028 10
32 0
2
2107 0
3343 3
2
2355 2
917 2
2
501 1
119 2
2
3461 1
3613 12
2
971 16
3217 8
2
1483 10
634 10
2
2284 18
1628 0
2
2286 10
1025 7
2
3277 5
2971 3
2
4078 0
1680 4
2
2042 15
589 10
2
1254 4
610 1
2
3455 4
2924 0
2
1809 5
2015 0
2
3714 20
1552 4
2
1782 10
2777 9
2
3969 19
1482 3
2
3521 6
2438 6
2
3113 16
1498 13
2
2319 0
4068 0
2
763 11
664 4
2
2269 10
2491 6
2
845 5
3313 4
2
462 1
2697 4
2
3900 15
3855 13
2
113 0
2048 16
2
2731 7
3934 1
2
1599 4
3595 20
2
214 19
2126 18
2
2052 12
2419 14
2
474 18
3218 2
2
870 1
2107 5
2
2003 15
1711 3
2
2967 4
2327 16
2
1231 4
3036 16
2
2774 3
2070 8
2
3533 14
713 16
